1	-0.01488734	3.33E-05	0.16	3.33E-05	0.03146887
2	-0.01316957	0.0001332	0.18	0.0001332	0.03146887
3	-0.00458072	0.0003996	0.2	0.0003996	0.03146887
4	0.00229036	0.0007992	0.22	0.0007992	0.03146887
5	0.00515331	0.001332	0.24	0.001332	0.03146887
6	0.00687108	0.0018315	0.26	0.0018315	0.03146887
7	0.009734031	0.0024642	0.28	0.0024642	0.03146887
8	0.00515331	0.0032634	0.3	0.0032634	0.03146887
9	0.00458072	0.0043956	0.32	0.0043956	0.03146887
10	0.009734031	0.0060273	0.34	0.0060273	0.03146887
11	0.01259698	0.0080919	0.36	0.0080919	0.03146887
12	0.04122648	0.0104895	0.38	0.0104895	0.03146887
13	0.04351684	0.0130869	0.4	0.0130869	0.03146887
14	0.04351684	0.0156177	0.42	0.0156177	0.03146887
15	0.03034727	0.0182484	0.44	0.0182484	0.03146887
16	0.03664576	0.0209124	0.46	0.0209124	0.03146887
17	0.03721835	0.023643	0.48	0.023643	0.03146887
18	0.03550058	0.0263736	0.5	0.0263736	0.03146887
19	0.03091986	0.0291042	0.52	0.0291042	0.03146887
20	0.02462137	0.0321012	0.54	0.0321012	0.03146887
21	0.03034727	0.035298	0.56	0.035298	0.03146887
22	0.03836353	0.0386946	0.58	0.0386946	0.03146887
23	0.06069454	0.0418914	0.6	0.0418914	0.03146887
24	0.06756562	0.0451548	0.62	0.0451548	0.03146887
25	0.06985598	0.0485514	0.64	0.0485514	0.03146887
26	0.05668641	0.0520812	0.66	0.0520812	0.03146887
27	0.05611382	0.0557109	0.68	0.0557109	0.03146887
28	0.06069454	0.0593406	0.7	0.0593406	0.03146887
29	0.06012195	0.0632367	0.72	0.0632367	0.03146887
30	0.05382346	0.0672327	0.74	0.0672327	0.03146887
31	0.05382346	0.0711288	0.76	0.0711288	0.03146887
32	0.04981533	0.0749916	0.78	0.0749916	0.03146887
33	0.04752497	0.0787878	0.8	0.0787878	0.03146887
34	0.04580721	0.08235089	0.82	0.08235089	0.03146887
35	0.04867015	0.0856476	0.84	0.0856476	0.03146887
36	0.0515331	0.0887445	0.86	0.0887445	0.03146887
37	0.05554123	0.0917748	0.88	0.0917748	0.03146887
38	0.06183972	0.094572	0.9	0.094572	0.03146887
39	0.08474332	0.0971361	0.92	0.0971361	0.03146887
40	0.07558189	0.099567	0.94	0.099567	0.03146887
41	0.07500929	0.1019979	0.96	0.1019979	0.03146887
42	0.07386411	0.104562	0.98	0.104562	0.03146887
43	0.07500929	0.1072926	1	0.1072926	0.03146887
44	0.07500929	0.1101231	1.02	0.1101231	0.03146887
45	0.07959002	0.1131534	1.04	0.1131534	0.03146887
46	0.08188038	0.1163169	1.06	0.1163169	0.03146887
47	0.08359814	0.1196469	1.08	0.1196469	0.03146887
48	0.1087921	0.1231101	1.1	0.1231101	0.03146887
49	0.08932404	0.12654	1.12	0.12654	0.03146887
50	0.09963066	0.1300032	1.14	0.1300032	0.03146887
51	0.1087921	0.1335996	1.16	0.1335996	0.03146887
52	0.1150906	0.1372293	1.18	0.1372293	0.03146887
53	0.1116551	0.1410588	1.2	0.1410588	0.03146887
54	0.1087921	0.1450548	1.22	0.1450548	0.03146887
55	0.1162358	0.149184	1.24	0.149184	0.03146887
56	0.1208165	0.1533465	1.26	0.1533465	0.03146887
57	0.127115	0.1574757	1.28	0.1574757	0.03146887
58	0.1253972	0.1614384	1.3	0.1614384	0.03146887
59	0.1265424	0.1651014	1.32	0.1651014	0.03146887
60	0.1311231	0.1685313	1.34	0.1685313	0.03146887
61	0.1414297	0.1717281	1.36	0.1717281	0.03146887
62	0.1540267	0.1748583	1.38	0.1748583	0.03146887
63	0.1763577	0.1779219	1.4	0.1779219	0.03146887
64	0.1608978	0.1807524	1.42	0.1807524	0.03146887
65	0.1683415	0.1833498	1.44	0.1833498	0.03146887
66	0.1803658	0.1860138	1.46	0.1860138	0.03146887
67	0.194108	0.1887777	1.48	0.1887777	0.03146887
68	0.2278908	0.1915749	1.5	0.1915749	0.03146887
69	0.2324716	0.1943721	1.52	0.1943721	0.03146887
70	0.2393426	0.1973025	1.54	0.1973025	0.03146887
71	0.2256005	0.200466	1.56	0.200466	0.03146887
72	0.2393426	0.2038626	1.58	0.2038626	0.03146887
73	0.273698	0.2072259	1.6	0.2072259	0.03146887
74	0.2908757	0.2104893	1.62	0.2104893	0.03146887
75	0.3069082	0.2139525	1.64	0.2139525	0.03146887
76	0.3229408	0.2176488	1.66	0.2176488	0.03146887
77	0.3332474	0.2213784	1.68	0.2213784	0.03146887
78	0.356151	0.2251746	1.7	0.2251746	0.03146887
79	0.3859257	0.2291706	1.72	0.2291706	0.03146887
80	0.41341	0.2333331	1.74	0.2333331	0.03146887
81	0.4443298	0.2374623	1.76	0.2374623	0.03146887
82	0.4809756	0.2414916	1.78	0.2414916	0.03146887
83	0.5657189	0.2455209	1.8	0.2455209	0.03146887
84	0.622978	0.2493837	1.82	0.2493837	0.03146887
85	0.7008502	0.2528802	1.84	0.2528802	0.03146887
86	0.7878839	0.2561436	1.86	0.2561436	0.03146887
87	0.8634658	0.2592738	1.88	0.2592738	0.03146887
88	0.9230152	0.2621043	1.9	0.2621043	0.03146887
89	0.9940163	0.2646018	1.92	0.2646018	0.03146887
90	1.085631	0.267066	1.94	0.267066	0.03146887
91	1.172664	0.2695968	1.96	0.2695968	0.03146887
92	1.252827	0.2722608	1.98	0.2722608	0.03146887
93	1.362764	0.2749914	2	0.2749914	0.03146887
94	1.46354	0.2778552	2.02	0.2778552	0.03146887
95	1.564316	0.2807523	2.04	0.2807523	0.03146887
96	1.685705	0.2837826	2.06	0.2837826	0.03146887
97	1.800223	0.2869794	2.08	0.2869794	0.03146887
98	1.914741	0.2902761	2.1	0.2902761	0.03146887
99	2.143777	0.2936061	2.12	0.2936061	0.03146887
100	2.340748	0.2971026	2.14	0.2971026	0.03146887
101	2.400297	0.3007989	2.16	0.3007989	0.03146887
102	2.535429	0.3045618	2.18	0.3045618	0.03146887
103	2.803401	0.3084912	2.2	0.3084912	0.03146887
104	3.023275	0.3126204	2.22	0.3126204	0.03146887
105	3.197343	0.3169827	2.24	0.3169827	0.03146887
106	3.408056	0.3213117	2.26	0.3213117	0.03146887
107	3.609607	0.3253743	2.28	0.3253743	0.03146887
108	3.834063	0.3292371	2.3	0.3292371	0.03146887
109	4.067679	0.3328668	2.32	0.3328668	0.03146887
110	4.351684	0.3361635	2.34	0.3361635	0.03146887
111	4.576139	0.3392937	2.36	0.3392937	0.03146887
112	4.782272	0.3423573	2.38	0.3423573	0.03146887
113	4.997565	0.3451878	2.4	0.3451878	0.03146887
114	5.222021	0.3477519	2.42	0.3477519	0.03146887
115	5.40067	0.3502161	2.44	0.3502161	0.03146887
116	5.478541	0.3527469	2.46	0.3527469	0.03146887
117	5.7259	0.3554442	2.48	0.3554442	0.03146887
118	5.899968	0.3582747	2.5	0.3582747	0.03146887
119	6.110681	0.3610386	2.52	0.3610386	0.03146887
120	6.307652	0.3638358	2.54	0.3638358	0.03146887
121	6.509203	0.3668994	2.56	0.3668994	0.03146887
122	6.669528	0.370296	2.58	0.370296	0.03146887
123	6.875661	0.3738924	2.6	0.3738924	0.03146887
124	7.141343	0.3774222	2.62	0.3774222	0.03146887
125	7.411605	0.3810852	2.64	0.3810852	0.03146887
126	7.640641	0.3848481	2.66	0.3848481	0.03146887
127	7.828451	0.388611	2.68	0.388611	0.03146887
128	8.089552	0.3924738	2.7	0.3924738	0.03146887
129	8.401041	0.3964698	2.72	0.3964698	0.03146887
130	8.703368	0.4006323	2.74	0.4006323	0.03146887
131	8.973631	0.4047615	2.76	0.4047615	0.03146887
132	9.225571	0.408591	2.78	0.408591	0.03146887
133	9.495832	0.4124205	2.8	0.4124205	0.03146887
134	9.734031	0.4159836	2.82	0.4159836	0.03146887
135	9.958486	0.4192137	2.84	0.4192137	0.03146887
136	10.17378	0.422244	2.86	0.422244	0.03146887
137	10.37991	0.4252077	2.88	0.4252077	0.03146887
138	10.59979	0.4280382	2.9	0.4280382	0.03146887
139	10.65934	0.4306356	2.92	0.4306356	0.03146887
140	10.77614	0.4330998	2.94	0.4330998	0.03146887
141	10.91127	0.4356306	2.96	0.4356306	0.03146887
142	11.05328	0.4383945	2.98	0.4383945	0.03146887
143	11.19299	0.4412916	3	0.4412916	0.03146887
144	11.43806	0.4441221	3.02	0.4441221	0.03146887
145	11.61671	0.4470858	3.04	0.4470858	0.03146887
146	11.78619	0.450216	3.06	0.450216	0.03146887
147	11.98316	0.4535127	3.08	0.4535127	0.03146887
148	12.17555	0.4569426	3.1	0.4569426	0.03146887
149	12.38169	0.4603392	3.12	0.4603392	0.03146887
150	12.62446	0.4639023	3.14	0.4639023	0.03146887
151	12.81685	0.4676319	3.16	0.4676319	0.03146887
152	13.03215	0.4713282	3.18	0.4713282	0.03146887
153	13.29783	0.4750911	3.2	0.4750911	0.03146887
154	13.52687	0.4789872	3.22	0.4789872	0.03146887
155	13.79713	0.4830831	3.24	0.4830831	0.03146887
156	14.04907	0.4872789	3.26	0.4872789	0.03146887
157	14.30559	0.4913415	3.28	0.4913415	0.03146887
158	14.54379	0.4953042	3.3	0.4953042	0.03146887
159	14.76824	0.4990671	3.32	0.4990671	0.03146887
160	15.01102	0.5024304	3.34	0.5024304	0.03146887
161	15.20341	0.5055606	3.36	0.5055606	0.03146887
162	15.36374	0.5087241	3.38	0.5087241	0.03146887
163	15.55155	0.5116212	3.4	0.5116212	0.03146887
164	15.5859	0.5142186	3.42	0.5142186	0.03146887
165	15.68439	0.5167494	3.44	0.5167494	0.03146887
166	15.80119	0.5194134	3.46	0.5194134	0.03146887
167	15.89281	0.5222106	3.48	0.5222106	0.03146887
168	15.98671	0.5250744	3.5	0.5250744	0.03146887
169	16.21117	0.5280048	3.52	0.5280048	0.03146887
170	16.27988	0.5309685	3.54	0.5309685	0.03146887
171	16.42646	0.5340321	3.56	0.5340321	0.03146887
172	16.56618	0.5372955	3.58	0.5372955	0.03146887
173	16.69672	0.5406588	3.6	0.5406588	0.03146887
174	16.99905	0.5440554	3.62	0.5440554	0.03146887
175	17.15938	0.5477184	3.64	0.5477184	0.03146887
176	17.36551	0.5515479	3.66	0.5515479	0.03146887
177	17.56706	0.5553108	3.68	0.5553108	0.03146887
178	17.73655	0.5591403	3.7	0.5591403	0.03146887
179	17.91062	0.5632029	3.72	0.5632029	0.03146887
180	18.12133	0.5674653	3.74	0.5674653	0.03146887
181	18.36411	0.5716944	3.76	0.5716944	0.03146887
182	18.58856	0.575757	3.78	0.575757	0.03146887
183	18.74889	0.5797197	3.8	0.5797197	0.03146887
184	18.81989	0.5833494	3.82	0.5833494	0.03146887
185	19.06038	0.586746	3.84	0.586746	0.03146887
186	19.22986	0.5899761	3.86	0.5899761	0.03146887
187	19.28941	0.593073	3.88	0.593073	0.03146887
188	19.38332	0.5959368	3.9	0.5959368	0.03146887
189	19.44974	0.5985009	3.92	0.5985009	0.03146887
190	19.54135	0.6009984	3.94	0.6009984	0.03146887
191	19.61006	0.6036624	3.96	0.6036624	0.03146887
192	19.62839	0.606393	3.98	0.606393	0.03146887
193	19.649	0.6091236	4	0.6091236	0.03146887
194	19.81391	0.6118542	4.02	0.6118542	0.03146887
195	19.92155	0.6148179	4.04	0.6148179	0.03146887
196	20.004	0.6180147	4.06	0.6180147	0.03146887
197	20.11165	0.6214446	4.08	0.6214446	0.03146887
198	20.3384	0.6249411	4.1	0.6249411	0.03146887
199	20.51705	0.6284376	4.12	0.6284376	0.03146887
200	20.59263	0.6321006	4.14	0.6321006	0.03146887
201	20.72089	0.6359634	4.16	0.6359634	0.03146887
202	20.93389	0.6398262	4.18	0.6398262	0.03146887
203	21.1217	0.6438555	4.2	0.6438555	0.03146887
204	21.32325	0.6480846	4.22	0.6480846	0.03146887
205	21.5019	0.6523136	4.24	0.6523136	0.03146887
206	21.56832	0.6564096	4.26	0.6564096	0.03146887
207	21.80881	0.6603723	4.28	0.6603723	0.03146887
208	21.88668	0.6640686	4.3	0.6640686	0.03146887
209	22.00578	0.6675984	4.32	0.6675984	0.03146887
210	22.10655	0.6708618	4.34	0.6708618	0.03146887
211	22.21649	0.6738588	4.36	0.6738588	0.03146887
212	22.28749	0.6765894	4.38	0.6765894	0.03146887
213	22.34017	0.6790536	4.4	0.6790536	0.03146887
214	22.40659	0.681318	4.42	0.681318	0.03146887
215	22.4524	0.683649	4.44	0.683649	0.03146887
216	22.43293	0.6861465	4.46	0.6861465	0.03146887
217	22.45813	0.6888105	4.48	0.6888105	0.03146887
218	22.47988	0.6916077	4.5	0.6916077	0.03146887
219	22.56463	0.6944382	4.52	0.6944382	0.03146887
220	22.63563	0.6973353	4.54	0.6973353	0.03146887
221	22.7135	0.7004322	4.56	0.7004322	0.03146887
222	22.82344	0.7036956	4.58	0.7036956	0.03146887
223	22.96086	0.7069257	4.6	0.7069257	0.03146887
224	23.08225	0.7100891	4.62	0.7100891	0.03146887
225	23.1899	0.7134525	4.64	0.7134525	0.03146887
226	23.30441	0.7168823	4.66	0.7168823	0.03146887
227	23.42122	0.7203123	4.68	0.7203123	0.03146887
228	23.522	0.7239087	4.7	0.7239087	0.03146887
229	23.62506	0.7276383	4.72	0.7276383	0.03146887
230	23.75791	0.7315344	4.74	0.7315344	0.03146887
231	23.89991	0.7354305	4.76	0.7354305	0.03146887
232	24.15414	0.7391934	4.78	0.7391934	0.03146887
233	24.22743	0.7429563	4.8	0.7429563	0.03146887
234	24.36256	0.746586	4.82	0.746586	0.03146887
235	24.47021	0.7500492	4.84	0.7500492	0.03146887
236	24.56182	0.7532793	4.86	0.7532793	0.03146887
237	24.64886	0.7563761	4.88	0.7563761	0.03146887
238	24.71528	0.7593399	4.9	0.7593399	0.03146887
239	24.76109	0.7620039	4.92	0.7620039	0.03146887
240	24.80002	0.7644681	4.94	0.7644681	0.03146887
241	24.78971	0.7668657	4.96	0.7668657	0.03146887
242	24.81376	0.7694631	4.98	0.7694631	0.03146887
243	24.83666	0.772227	5	0.772227	0.03146887
244	24.85155	0.7750242	5.02	0.7750242	0.03146887
245	24.87446	0.7779213	5.04	0.7779213	0.03146887
246	24.90767	0.7809183	5.06	0.7809183	0.03146887
247	24.99241	0.7841817	5.08	0.7841817	0.03146887
248	25.05654	0.7876449	5.1	0.7876449	0.03146887
249	25.25809	0.7911414	5.12	0.7911414	0.03146887
250	25.32451	0.7947045	5.14	0.7947045	0.03146887
251	25.43674	0.7984674	5.16	0.7984674	0.03146887
252	25.53981	0.8021637	5.18	0.8021637	0.03146887
253	25.66807	0.8059599	5.2	0.8059599	0.03146887
254	25.81465	0.8099226	5.22	0.8099226	0.03146887
255	25.95436	0.8141184	5.24	0.8141184	0.03146887
256	26.17882	0.8184141	5.26	0.8184141	0.03146887
257	26.21775	0.8224767	5.28	0.8224767	0.03146887
258	26.31166	0.8264727	5.3	0.8264727	0.03146887
259	26.43763	0.8303355	5.32	0.8303355	0.03146887
260	26.5636	0.8339985	5.34	0.8339985	0.03146887
261	26.66437	0.8373285	5.36	0.8373285	0.03146887
262	26.73079	0.8404254	5.38	0.8404254	0.03146887
263	26.76515	0.8433891	5.4	0.8433891	0.03146887
264	26.75255	0.8460531	5.42	0.8460531	0.03146887
265	26.75484	0.8485173	5.44	0.8485173	0.03146887
266	26.75828	0.8510814	5.46	0.8510814	0.03146887
267	26.76858	0.8538453	5.48	0.8538453	0.03146887
268	26.8247	0.8567757	5.5	0.8567757	0.03146887
269	26.80637	0.8597727	5.52	0.8597727	0.03146887
270	26.82699	0.8626364	5.54	0.8626364	0.03146887
271	26.85562	0.8655668	5.56	0.8655668	0.03146887
272	26.96899	0.8687304	5.58	0.8687304	0.03146887
273	27.03541	0.8720937	5.6	0.8720937	0.03146887
274	27.10641	0.8754237	5.62	0.8754237	0.03146887
275	27.18199	0.8788536	5.64	0.8788536	0.03146887
276	27.26674	0.8824832	5.66	0.8824832	0.03146887
277	27.36522	0.8861796	5.68	0.8861796	0.03146887
278	27.47516	0.8899758	5.7	0.8899758	0.03146887
279	27.60113	0.8939717	5.72	0.8939717	0.03146887
280	27.71794	0.8982009	5.74	0.8982009	0.03146887
281	27.821	0.9025632	5.76	0.9025632	0.03146887
282	27.93552	0.906759	5.78	0.906759	0.03146887
283	28.04317	0.9108216	5.8	0.9108216	0.03146887
284	28.1531	0.9146511	5.82	0.9146511	0.03146887
285	28.27678	0.9181809	5.84	0.9181809	0.03146887
286	28.37298	0.9215109	5.86	0.9215109	0.03146887
287	28.41879	0.9246744	5.88	0.9246744	0.03146887
288	28.39818	0.9276048	5.9	0.9276048	0.03146887
289	28.42566	0.9302354	5.92	0.9302354	0.03146887
290	28.43253	0.9327329	5.94	0.9327329	0.03146887
291	28.43139	0.9353304	5.96	0.9353304	0.03146887
292	28.40905	0.9380943	5.98	0.9380943	0.03146887
293	28.41306	0.9409248	6	0.9409248	0.03146887
294	28.41306	0.9437886	6.02	0.9437886	0.03146887
295	28.41593	0.9466524	6.04	0.9466524	0.03146887
296	28.42337	0.9497826	6.06	0.9497826	0.03146887
297	28.46803	0.9530793	6.08	0.9530793	0.03146887
298	28.58598	0.9564426	6.1	0.9564426	0.03146887
299	28.66386	0.9598058	6.12	0.9598058	0.03146887
300	28.75318	0.9633024	6.14	0.9633024	0.03146887
301	28.8448	0.9669321	6.16	0.9669321	0.03146887
302	28.91122	0.9706284	6.18	0.9706284	0.03146887
303	28.99138	0.9745578	6.2	0.9745578	0.03146887
304	29.08299	0.978687	6.22	0.978687	0.03146887
305	29.19293	0.9829161	6.24	0.9829161	0.03146887
306	29.31432	0.9871119	6.26	0.9871119	0.03146887
307	29.43571	0.9913077	6.28	0.9913077	0.03146887
308	29.54794	0.9954702	6.3	0.9954702	0.03146887
309	29.66245	0.9991665	6.32	0.9991665	0.03146887
310	29.76552	1.002596	6.34	1.002596	0.03146887
311	29.82049	1.005727	6.36	1.005727	0.03146887
312	29.84797	1.008724	6.38	1.008724	0.03146887
313	29.83308	1.011487	6.4	1.011487	0.03146887
314	29.82392	1.013985	6.42	1.013985	0.03146887
315	29.76552	1.016449	6.44	1.016449	0.03146887
316	29.79014	1.019047	6.46	1.019047	0.03146887
317	29.75063	1.02181	6.48	1.02181	0.03146887
318	29.74376	1.024608	6.5	1.024608	0.03146887
319	29.73345	1.027305	6.52	1.027305	0.03146887
320	29.7575	1.030202	6.54	1.030202	0.03146887
321	29.74891	1.033299	6.56	1.033299	0.03146887
322	29.75292	1.036662	6.58	1.036662	0.03146887
323	29.79759	1.040092	6.6	1.040092	0.03146887
324	29.89836	1.043555	6.62	1.043555	0.03146887
325	30.00143	1.047218	6.64	1.047218	0.03146887
326	30.1022	1.050948	6.66	1.050948	0.03146887
327	30.19611	1.054644	6.68	1.054644	0.03146887
328	30.30146	1.05854	6.7	1.05854	0.03146887
329	30.37705	1.062636	6.72	1.062636	0.03146887
330	30.48011	1.066865	6.74	1.066865	0.03146887
331	30.6267	1.071028	6.76	1.071028	0.03146887
332	30.86947	1.074891	6.78	1.074891	0.03146887
333	30.91299	1.078753	6.8	1.078753	0.03146887
334	30.98399	1.082383	6.82	1.082383	0.03146887
335	31.03667	1.085713	6.84	1.085713	0.03146887
336	31.1008	1.088843	6.86	1.088843	0.03146887
337	31.15119	1.091874	6.88	1.091874	0.03146887
338	31.12943	1.094638	6.9	1.094638	0.03146887
339	31.13974	1.097102	6.92	1.097102	0.03146887
340	31.1363	1.099499	6.94	1.099499	0.03146887
341	31.10252	1.10203	6.96	1.10203	0.03146887
342	31.08477	1.104661	6.98	1.104661	0.03146887
343	31.06759	1.107325	7	1.107325	0.03146887
344	31.04583	1.110155	7.02	1.110155	0.03146887
345	31.04583	1.113086	7.04	1.113086	0.03146887
346	31.07103	1.116216	7.06	1.116216	0.03146887
347	31.07732	1.119479	7.08	1.119479	0.03146887
348	31.18783	1.122776	7.1	1.122776	0.03146887
349	31.27716	1.126139	7.12	1.126139	0.03146887
350	31.3619	1.129736	7.14	1.129736	0.03146887
351	31.41687	1.133532	7.16	1.133532	0.03146887
352	31.49245	1.137361	7.18	1.137361	0.03146887
353	31.61155	1.141324	7.2	1.141324	0.03146887
354	31.73294	1.14542	7.22	1.14542	0.03146887
355	31.82455	1.149649	7.24	1.149649	0.03146887
356	31.92533	1.153778	7.26	1.153778	0.03146887
357	32.0261	1.157741	7.28	1.157741	0.03146887
358	32.12688	1.161637	7.3	1.161637	0.03146887
359	32.21162	1.165267	7.32	1.165267	0.03146887
360	32.26889	1.168564	7.34	1.168564	0.03146887
361	32.33302	1.171727	7.36	1.171727	0.03146887
362	32.35821	1.174791	7.38	1.174791	0.03146887
363	32.34217	1.177688	7.4	1.177688	0.03146887
364	32.35477	1.180352	7.42	1.180352	0.03146887
365	32.35363	1.182916	7.44	1.182916	0.03146887
366	32.33244	1.185613	7.46	1.185613	0.03146887
367	32.33702	1.18841	7.48	1.18841	0.03146887
368	32.25514	1.191208	7.5	1.191208	0.03146887
369	32.28263	1.194038	7.52	1.194038	0.03146887
370	32.2769	1.197068	7.54	1.197068	0.03146887
371	32.27919	1.200199	7.56	1.200199	0.03146887
372	32.29522	1.203562	7.58	1.203562	0.03146887
373	32.29465	1.207025	7.6	1.207025	0.03146887
374	32.4086	1.210555	7.62	1.210555	0.03146887
375	32.5025	1.214118	7.64	1.214118	0.03146887
376	32.58724	1.217814	7.66	1.217814	0.03146887
377	32.67428	1.221544	7.68	1.221544	0.03146887
378	32.75215	1.225507	7.7	1.225507	0.03146887
379	32.82086	1.229636	7.72	1.229636	0.03146887
380	32.92622	1.233732	7.74	1.233732	0.03146887
381	33.06593	1.237894	7.76	1.237894	0.03146887
382	33.17129	1.241957	7.78	1.241957	0.03146887
383	33.21709	1.245919	7.8	1.245919	0.03146887
384	33.26748	1.249549	7.82	1.249549	0.03146887
385	33.34764	1.252912	7.84	1.252912	0.03146887
386	33.40261	1.256076	7.86	1.256076	0.03146887
387	33.37971	1.259173	7.88	1.259173	0.03146887
388	33.3946	1.262003	7.9	1.262003	0.03146887
389	33.39574	1.264634	7.92	1.264634	0.03146887
390	33.382	1.267198	7.94	1.267198	0.03146887
391	33.37112	1.269762	7.96	1.269762	0.03146887
392	33.34306	1.272426	7.98	1.272426	0.03146887
393	33.32016	1.275157	8	1.275157	0.03146887
394	33.30183	1.277954	8.02	1.277954	0.03146887
395	33.29726	1.280951	8.04	1.280951	0.03146887
396	33.29268	1.284115	8.06	1.284115	0.03146887
397	33.31214	1.287511	8.08	1.287511	0.03146887
398	33.39345	1.290908	8.1	1.290908	0.03146887
399	33.46903	1.294271	8.12	1.294271	0.03146887
400	33.54232	1.297801	8.14	1.297801	0.03146887
401	33.60875	1.301564	8.16	1.301564	0.03146887
402	33.64997	1.30536	8.18	1.30536	0.03146887
403	33.70952	1.309356	8.2	1.309356	0.03146887
404	33.80571	1.313585	8.22	1.313585	0.03146887
405	33.93398	1.317881	8.24	1.317881	0.03146887
406	34.06453	1.322143	8.26	1.322143	0.03146887
407	34.16072	1.326206	8.28	1.326206	0.03146887
408	34.22714	1.330002	8.3	1.330002	0.03146887
409	34.30043	1.333465	8.32	1.333465	0.03146887
410	34.36227	1.336562	8.34	1.336562	0.03146887
411	34.39434	1.339559	8.36	1.339559	0.03146887
412	34.37258	1.342523	8.38	1.342523	0.03146887
413	34.37716	1.34532	8.4	1.34532	0.03146887
414	34.35884	1.347784	8.42	1.347784	0.03146887
415	34.27524	1.350248	8.44	1.350248	0.03146887
416	34.22943	1.352746	8.46	1.352746	0.03146887
417	34.19049	1.355377	8.48	1.355377	0.03146887
418	34.19622	1.35814	8.5	1.35814	0.03146887
419	34.16988	1.360938	8.52	1.360938	0.03146887
420	34.15499	1.363901	8.54	1.363901	0.03146887
421	34.15957	1.367032	8.56	1.367032	0.03146887
422	34.18019	1.370328	8.58	1.370328	0.03146887
423	34.1819	1.373658	8.6	1.373658	0.03146887
424	34.28898	1.377022	8.62	1.377022	0.03146887
425	34.34624	1.380585	8.64	1.380585	0.03146887
426	34.43098	1.384381	8.66	1.384381	0.03146887
427	34.54321	1.388177	8.68	1.388177	0.03146887
428	34.61192	1.392106	8.7	1.392106	0.03146887
429	34.67147	1.396036	8.72	1.396036	0.03146887
430	34.77225	1.400065	8.74	1.400065	0.03146887
431	34.87073	1.404094	8.76	1.404094	0.03146887
432	34.94173	1.40809	8.78	1.40809	0.03146887
433	35.0219	1.411987	8.8	1.411987	0.03146887
434	35.12038	1.415616	8.82	1.415616	0.03146887
435	35.19367	1.418846	8.84	1.418846	0.03146887
436	35.24177	1.421843	8.86	1.421843	0.03146887
437	35.22459	1.424707	8.88	1.424707	0.03146887
438	35.22803	1.427538	8.9	1.427538	0.03146887
439	35.14787	1.430168	8.92	1.430168	0.03146887
440	35.09061	1.432599	8.94	1.432599	0.03146887
441	35.06312	1.435163	8.96	1.435163	0.03146887
442	35.0677	1.437894	8.98	1.437894	0.03146887
443	35.0448	1.440691	9	1.440691	0.03146887
444	35.0322	1.443555	9.02	1.443555	0.03146887
445	35.02419	1.446552	9.04	1.446552	0.03146887
446	35.02762	1.449682	9.06	1.449682	0.03146887
447	35.0385	1.452979	9.08	1.452979	0.03146887
448	35.04022	1.456342	9.1	1.456342	0.03146887
449	35.13412	1.459672	9.12	1.459672	0.03146887
450	35.2349	1.463169	9.14	1.463169	0.03146887
451	35.32651	1.466798	9.16	1.466798	0.03146887
452	35.4021	1.470428	9.18	1.470428	0.03146887
453	35.45248	1.474191	9.2	1.474191	0.03146887
454	35.50974	1.47812	9.22	1.47812	0.03146887
455	35.59907	1.482249	9.24	1.482249	0.03146887
456	35.68152	1.486479	9.26	1.486479	0.03146887
457	35.78	1.490641	9.28	1.490641	0.03146887
458	35.88994	1.494637	9.3	1.494637	0.03146887
459	35.99759	1.4983	9.32	1.4983	0.03146887
460	36.07088	1.50163	9.34	1.50163	0.03146887
461	36.10524	1.504827	9.36	1.504827	0.03146887
462	36.10409	1.507924	9.38	1.507924	0.03146887
463	36.10982	1.510888	9.4	1.510888	0.03146887
464	36.11325	1.513485	9.42	1.513485	0.03146887
465	36.09378	1.516049	9.44	1.516049	0.03146887
466	36.05485	1.518646	9.46	1.518646	0.03146887
467	36.04111	1.521277	9.48	1.521277	0.03146887
468	36.01019	1.523908	9.5	1.523908	0.03146887
469	35.9827	1.526605	9.52	1.526605	0.03146887
470	35.90597	1.529536	9.54	1.529536	0.03146887
471	35.86246	1.532566	9.56	1.532566	0.03146887
472	35.88422	1.535796	9.58	1.535796	0.03146887
473	35.8762	1.539193	9.6	1.539193	0.03146887
474	35.95636	1.542523	9.62	1.542523	0.03146887
475	36.05485	1.545952	9.64	1.545952	0.03146887
476	36.12356	1.549482	9.66	1.549482	0.03146887
477	36.18769	1.553245	9.68	1.553245	0.03146887
478	36.26785	1.557108	9.7	1.557108	0.03146887
479	36.34801	1.561104	9.72	1.561104	0.03146887
480	36.43276	1.565366	9.74	1.565366	0.03146887
481	36.52666	1.569662	9.76	1.569662	0.03146887
482	36.63889	1.573825	9.78	1.573825	0.03146887
483	36.73051	1.577854	9.8	1.577854	0.03146887
484	36.80151	1.581617	9.82	1.581617	0.03146887
485	36.86563	1.585147	9.84	1.585147	0.03146887
486	36.89999	1.588477	9.86	1.588477	0.03146887
487	36.89197	1.591607	9.88	1.591607	0.03146887
488	36.91259	1.594504	9.9	1.594504	0.03146887
489	36.91145	1.597068	9.92	1.597068	0.03146887
490	36.89198	1.599532	9.94	1.599532	0.03146887
491	36.78547	1.602063	9.96	1.602063	0.03146887
492	36.72363	1.60456	9.98	1.60456	0.03146887
493	36.68928	1.607125	10	1.607125	0.03146887
494	36.69271	1.609789	10.02	1.609789	0.03146887
495	36.67439	1.612652	10.04	1.612652	0.03146887
496	36.66065	1.615716	10.06	1.615716	0.03146887
497	36.65378	1.619013	10.08	1.619013	0.03146887
498	36.67611	1.622343	10.1	1.622343	0.03146887
499	36.68069	1.625673	10.12	1.625673	0.03146887
500	36.81067	1.629202	10.14	1.629202	0.03146887
501	36.85418	1.632932	10.16	1.632932	0.03146887
502	36.89999	1.636828	10.18	1.636828	0.03146887
503	36.9687	1.640891	10.2	1.640891	0.03146887
504	37.05345	1.64502	10.22	1.64502	0.03146887
505	37.26874	1.649282	10.24	1.649282	0.03146887
506	37.32142	1.653511	10.26	1.653511	0.03146887
507	37.43594	1.657541	10.28	1.657541	0.03146887
508	37.51152	1.66147	10.3	1.66147	0.03146887
509	37.56878	1.665133	10.32	1.665133	0.03146887
510	37.63749	1.668397	10.34	1.668397	0.03146887
511	37.66268	1.67146	10.36	1.67146	0.03146887
512	37.6455	1.674524	10.38	1.674524	0.03146887
513	37.64321	1.677321	10.4	1.677321	0.03146887
514	37.57106	1.679852	10.42	1.679852	0.03146887
515	37.52755	1.682283	10.44	1.682283	0.03146887
516	37.53328	1.684714	10.46	1.684714	0.03146887
517	37.48976	1.687244	10.48	1.687244	0.03146887
518	37.41074	1.689908	10.5	1.689908	0.03146887
519	37.35806	1.692639	10.52	1.692639	0.03146887
520	37.37181	1.695469	10.54	1.695469	0.03146887
521	37.35234	1.698633	10.56	1.698633	0.03146887
522	37.33516	1.702096	10.58	1.702096	0.03146887
523	37.35234	1.705659	10.6	1.705659	0.03146887
524	37.43823	1.709156	10.62	1.709156	0.03146887
525	37.51839	1.712719	10.64	1.712719	0.03146887
526	37.58939	1.716482	10.66	1.716482	0.03146887
527	37.6581	1.720311	10.68	1.720311	0.03146887
528	37.74055	1.724341	10.7	1.724341	0.03146887
529	37.81385	1.728403	10.72	1.728403	0.03146887
530	37.8963	1.732566	10.74	1.732566	0.03146887
531	38.00853	1.736695	10.76	1.736695	0.03146887
532	38.1093	1.740757	10.78	1.740757	0.03146887
533	38.19863	1.744687	10.8	1.744687	0.03146887
534	38.26276	1.748283	10.82	1.748283	0.03146887
535	38.31314	1.751547	10.84	1.751547	0.03146887
536	38.30169	1.75461	10.86	1.75461	0.03146887
537	38.3246	1.757574	10.88	1.757574	0.03146887
538	38.31429	1.760404	10.9	1.760404	0.03146887
539	38.22611	1.763035	10.92	1.763035	0.03146887
540	38.17572	1.765533	10.94	1.765533	0.03146887
541	38.10472	1.768063	10.96	1.768063	0.03146887
542	38.05204	1.770727	10.98	1.770727	0.03146887
543	38.07952	1.773425	11	1.773425	0.03146887
544	38.05433	1.776222	11.02	1.776222	0.03146887
545	38.04288	1.779219	11.04	1.779219	0.03146887
546	38.03486	1.782416	11.06	1.782416	0.03146887
547	38.01998	1.785912	11.08	1.785912	0.03146887
548	38.04116	1.789475	11.1	1.789475	0.03146887
549	38.10472	1.792939	11.12	1.792939	0.03146887
550	38.18946	1.796535	11.14	1.796535	0.03146887
551	38.25817	1.800265	11.16	1.800265	0.03146887
552	38.30169	1.803994	11.18	1.803994	0.03146887
553	38.38186	1.807824	11.2	1.807824	0.03146887
554	38.48263	1.81182	11.22	1.81182	0.03146887
555	38.58112	1.815916	11.24	1.815916	0.03146887
556	38.68189	1.819878	11.26	1.819878	0.03146887
557	38.74144	1.823874	11.28	1.823874	0.03146887
558	38.71968	1.82777	11.3	1.82777	0.03146887
559	38.77579	1.8314	11.32	1.8314	0.03146887
560	38.90406	1.834763	11.34	1.834763	0.03146887
561	38.9636	1.837893	11.36	1.837893	0.03146887
562	38.9281	1.840957	11.38	1.840957	0.03146887
563	38.93383	1.843821	11.4	1.843821	0.03146887
564	38.84679	1.846518	11.42	1.846518	0.03146887
565	38.81473	1.849016	11.44	1.849016	0.03146887
566	38.82275	1.851513	11.46	1.851513	0.03146887
567	38.78267	1.854144	11.48	1.854144	0.03146887
568	38.67044	1.856875	11.5	1.856875	0.03146887
569	38.6086	1.859672	11.52	1.859672	0.03146887
570	38.63609	1.862536	11.54	1.862536	0.03146887
571	38.61433	1.865599	11.56	1.865599	0.03146887
572	38.61891	1.868829	11.58	1.868829	0.03146887
573	38.66242	1.872193	11.6	1.872193	0.03146887
574	38.72312	1.875489	11.62	1.875489	0.03146887
575	38.79183	1.878919	11.64	1.878919	0.03146887
576	38.88115	1.882482	11.66	1.882482	0.03146887
577	38.94299	1.886178	11.68	1.886178	0.03146887
578	38.98193	1.890008	11.7	1.890008	0.03146887
579	39.06667	1.894071	11.72	1.894071	0.03146887
580	39.156	1.898233	11.74	1.898233	0.03146887
581	39.22012	1.902462	11.76	1.902462	0.03146887
582	39.28884	1.906458	11.78	1.906458	0.03146887
583	39.38045	1.910354	11.8	1.910354	0.03146887
584	39.4652	1.913951	11.82	1.913951	0.03146887
585	39.51558	1.917214	11.84	1.917214	0.03146887
586	39.4984	1.920311	11.86	1.920311	0.03146887
587	39.51329	1.923375	11.88	1.923375	0.03146887
588	39.50528	1.926305	11.9	1.926305	0.03146887
589	39.46291	1.929002	11.92	1.929002	0.03146887
590	39.45145	1.931533	11.94	1.931533	0.03146887
591	39.42855	1.934064	11.96	1.934064	0.03146887
592	39.39305	1.936761	11.98	1.936761	0.03146887
593	39.28884	1.939458	12	1.939458	0.03146887
594	39.2499	1.942189	12.02	1.942189	0.03146887
595	39.25448	1.945086	12.04	1.945086	0.03146887
596	39.22585	1.94805	12.06	1.94805	0.03146887
597	39.22242	1.951313	12.08	1.951313	0.03146887
598	39.2396	1.954643	12.1	1.954643	0.03146887
599	39.31174	1.957973	12.12	1.957973	0.03146887
600	39.3106	1.961437	12.14	1.961437	0.03146887
601	39.39878	1.965166	12.16	1.965166	0.03146887
602	39.44229	1.968896	12.18	1.968896	0.03146887
603	39.50642	1.972659	12.2	1.972659	0.03146887
604	39.58658	1.976721	12.22	1.976721	0.03146887
605	39.66217	1.980984	12.24	1.980984	0.03146887
606	39.71027	1.985246	12.26	1.985246	0.03146887
607	39.77668	1.989408	12.28	1.989408	0.03146887
608	39.89349	1.993405	12.3	1.993405	0.03146887
609	39.96449	1.997167	12.32	1.997167	0.03146887
610	40.00801	2.000564	12.34	2.000564	0.03146887
611	39.99427	2.003661	12.36	2.003661	0.03146887
612	40.01259	2.006691	12.38	2.006691	0.03146887
613	40.00687	2.009555	12.4	2.009555	0.03146887
614	39.96621	2.012152	12.42	2.012152	0.03146887
615	39.95304	2.014583	12.44	2.014583	0.03146887
616	39.90838	2.017081	12.46	2.017081	0.03146887
617	39.81104	2.019711	12.48	2.019711	0.03146887
618	39.75607	2.022409	12.5	2.022409	0.03146887
619	39.70568	2.025139	12.52	2.025139	0.03146887
620	39.64156	2.028037	12.54	2.028037	0.03146887
621	39.6072	2.031067	12.56	2.031067	0.03146887
622	39.62094	2.034364	12.58	2.034364	0.03146887
623	39.60949	2.037793	12.6	2.037793	0.03146887
624	39.63239	2.04119	12.62	2.04119	0.03146887
625	39.65358	2.04472	12.64	2.04472	0.03146887
626	39.69194	2.048516	12.66	2.048516	0.03146887
627	39.79272	2.052312	12.68	2.052312	0.03146887
628	39.83394	2.056142	12.7	2.056142	0.03146887
629	39.81906	2.060071	12.72	2.060071	0.03146887
630	39.85227	2.064101	12.74	2.064101	0.03146887
631	39.87402	2.068063	12.76	2.068063	0.03146887
632	39.89349	2.072026	12.78	2.072026	0.03146887
633	39.89235	2.075989	12.8	2.075989	0.03146887
634	39.79501	2.079785	12.82	2.079785	0.03146887
635	39.68965	2.083181	12.84	2.083181	0.03146887
636	39.43542	2.086245	12.86	2.086245	0.03146887
637	39.08729	2.089309	12.88	2.089309	0.03146887
638	38.52844	2.092372	12.9	2.092372	0.03146887
639	37.47945	2.095169	12.92	2.095169	0.03146887
640	31.94594	2.097933	12.94	2.097933	0.03146887
641	10.92502	2.100631	12.96	2.100631	0.03146887
642	2.010936	2.103428	12.98	2.103428	0.03146887
643	1.84603	2.106192	13	2.106192	0.03146887
644	1.827707	2.109056	13.02	2.109056	0.03146887
645	1.630736	2.112052	13.04	2.112052	0.03146887
646	1.600962	2.115149	13.06	2.115149	0.03146887
647	1.529961	2.118579	13.08	2.118579	0.03146887
648	1.449798	2.122109	13.1	2.122109	0.03146887
649	1.376506	2.125539	13.12	2.125539	0.03146887
650	1.314667	2.129135	13.14	2.129135	0.03146887
651	1.239085	2.132832	13.16	2.132832	0.03146887
652	1.177245	2.136561	13.18	2.136561	0.03146887
653	1.20702	2.140424	13.2	2.140424	0.03146887
654	1.170374	2.14442	13.22	2.14442	0.03146887
655	1.149761	2.148549	13.24	2.148549	0.03146887
656	1.138309	2.152778	13.26	2.152778	0.03146887
657	1.11426	2.156908	13.28	2.156908	0.03146887
658	1.091357	2.160903	13.3	2.160903	0.03146887
659	0.998597	2.164567	13.32	2.164567	0.03146887
660	0.941338	2.16783	13.34	2.16783	0.03146887
661	0.9115633	2.17096	13.36	2.17096	0.03146887
662	0.9207247	2.17399	13.38	2.17399	0.03146887
663	0.9046922	2.176788	13.4	2.176788	0.03146887
664	0.8989663	2.179318	13.42	2.179318	0.03146887
665	0.8886597	2.181783	13.44	2.181783	0.03146887
666	0.8726272	2.184413	13.46	2.184413	0.03146887
667	0.8623205	2.187211	13.48	2.187211	0.03146887
668	0.8302555	2.190074	13.5	2.190074	0.03146887
669	0.8188037	2.192971	13.52	2.192971	0.03146887
670	0.8039164	2.195835	13.54	2.195835	0.03146887
671	0.7913194	2.198899	13.56	2.198899	0.03146887
672	0.8119326	2.202129	13.58	2.202129	0.03146887
673	0.7775773	2.205392	13.6	2.205392	0.03146887
674	0.7626899	2.208656	13.62	2.208656	0.03146887
675	0.7455122	2.212086	13.64	2.212086	0.03146887
676	0.7248989	2.215682	13.66	2.215682	0.03146887
677	0.7191731	2.219278	13.68	2.219278	0.03146887
678	0.7157376	2.222975	13.7	2.222975	0.03146887
679	0.7300523	2.226904	13.72	2.226904	0.03146887
680	0.7186005	2.230967	13.74	2.230967	0.03146887
681	0.7117294	2.234996	13.76	2.234996	0.03146887
682	0.6985598	2.238892	13.78	2.238892	0.03146887
683	0.6642045	2.242755	13.8	2.242755	0.03146887
684	0.6458815	2.246418	13.82	2.246418	0.03146887
685	0.6321394	2.249848	13.84	2.249848	0.03146887
686	0.6332846	2.253078	13.86	2.253078	0.03146887
687	0.6241231	2.256175	13.88	2.256175	0.03146887
688	0.6023647	2.259039	13.9	2.259039	0.03146887
689	0.5359443	2.261669	13.92	2.261669	0.03146887
690	0.5519767	2.2641	13.94	2.2641	0.03146887
691	0.5336539	2.266598	13.96	2.266598	0.03146887
692	0.5325087	2.269228	13.98	2.269228	0.03146887
693	0.5256376	2.271959	14	2.271959	0.03146887
694	0.5365168	2.274823	14.02	2.274823	0.03146887
695	0.5227747	2.27772	14.04	2.27772	0.03146887
696	0.5164762	2.28075	14.06	2.28075	0.03146887
697	0.5096051	2.283914	14.08	2.283914	0.03146887
698	0.5073147	2.287277	14.1	2.287277	0.03146887
699	0.5004437	2.290607	14.12	2.290607	0.03146887
700	0.4912822	2.29397	14.14	2.29397	0.03146887
701	0.4849837	2.2975	14.16	2.2975	0.03146887
702	0.480403	2.301096	14.18	2.301096	0.03146887
703	0.4786853	2.304793	14.2	2.304793	0.03146887
704	0.4758223	2.308789	14.22	2.308789	0.03146887
705	0.470669	2.313051	14.24	2.313051	0.03146887
706	0.460935	2.317414	14.26	2.317414	0.03146887
707	0.4546365	2.321509	14.28	2.321509	0.03146887
708	0.4506283	2.325605	14.3	2.325605	0.03146887
709	0.4523461	2.329435	14.32	2.329435	0.03146887
710	0.4477654	2.332965	14.34	2.332965	0.03146887
711	0.4420395	2.336295	14.36	2.336295	0.03146887
712	0.4363136	2.339425	14.38	2.339425	0.03146887
713	0.432878	2.342289	14.4	2.342289	0.03146887
714	0.4300151	2.344919	14.42	2.344919	0.03146887
715	0.4019582	2.34735	14.44	2.34735	0.03146887
716	0.3950871	2.349881	14.46	2.349881	0.03146887
717	0.3847805	2.352578	14.48	2.352578	0.03146887
718	0.3698931	2.355475	14.5	2.355475	0.03146887
719	0.3836353	2.358339	14.52	2.358339	0.03146887
720	0.3761916	2.36127	14.54	2.36127	0.03146887
721	0.3744739	2.364333	14.56	2.364333	0.03146887
722	0.3767642	2.36763	14.58	2.36763	0.03146887
723	0.3761916	2.371027	14.6	2.371027	0.03146887
724	0.3727561	2.374456	14.62	2.374456	0.03146887
725	0.3744739	2.377986	14.64	2.377986	0.03146887
726	0.3796272	2.381749	14.66	2.381749	0.03146887
727	0.3842079	2.385545	14.68	2.385545	0.03146887
728	0.3876434	2.389541	14.7	2.389541	0.03146887
729	0.3819175	2.39377	14.72	2.39377	0.03146887
730	0.3698931	2.398199	14.74	2.398199	0.03146887
731	0.3635947	2.402495	14.76	2.402495	0.03146887
732	0.3298118	2.406624	14.78	2.406624	0.03146887
733	0.3172148	2.410554	14.8	2.410554	0.03146887
734	0.3080534	2.414217	14.82	2.414217	0.03146887
735	0.3303845	2.417547	14.84	2.417547	0.03146887
736	0.324086	2.420644	14.86	2.420644	0.03146887
737	0.3183601	2.42364	14.88	2.42364	0.03146887
738	0.3132067	2.426438	14.9	2.426438	0.03146887
739	0.3097712	2.428935	14.92	2.428935	0.03146887
740	0.3097712	2.431399	14.94	2.431399	0.03146887
741	0.3149245	2.433964	14.96	2.433964	0.03146887
742	0.3195052	2.436661	14.98	2.436661	0.03146887
743	0.3143519	2.439425	15	2.439425	0.03146887
744	0.308626	2.442322	15.02	2.442322	0.03146887
745	0.3080534	2.445286	15.04	2.445286	0.03146887
746	0.3074808	2.448416	15.06	2.448416	0.03146887
747	0.3080534	2.451746	15.08	2.451746	0.03146887
748	0.3091986	2.455209	15.1	2.455209	0.03146887
749	0.3069082	2.458606	15.12	2.458606	0.03146887
750	0.3006098	2.462135	15.14	2.462135	0.03146887
751	0.2983194	2.465765	15.16	2.465765	0.03146887
752	0.3006098	2.469428	15.18	2.469428	0.03146887
753	0.3011823	2.473258	15.2	2.473258	0.03146887
754	0.2983194	2.477253	15.22	2.477253	0.03146887
755	0.2925935	2.481383	15.24	2.481383	0.03146887
756	0.2805691	2.485479	15.26	2.485479	0.03146887
757	0.25423	2.489475	15.28	2.489475	0.03146887
758	0.2731254	2.493271	15.3	2.493271	0.03146887
759	0.2691173	2.496867	15.32	2.496867	0.03146887
760	0.2605284	2.500231	15.34	2.500231	0.03146887
761	0.2485041	2.503427	15.36	2.503427	0.03146887
762	0.2456411	2.506557	15.38	2.506557	0.03146887
763	0.2444959	2.509421	15.4	2.509421	0.03146887
764	0.2450685	2.512019	15.42	2.512019	0.03146887
765	0.2473589	2.514516	15.44	2.514516	0.03146887
766	0.2439234	2.517147	15.46	2.517147	0.03146887
767	0.2370523	2.519911	15.48	2.519911	0.03146887
768	0.2359071	2.522708	15.5	2.522708	0.03146887
769	0.2336167	2.525505	15.52	2.525505	0.03146887
770	0.2118583	2.528436	15.54	2.528436	0.03146887
771	0.2296086	2.531566	15.56	2.531566	0.03146887
772	0.2296086	2.534929	15.58	2.534929	0.03146887
773	0.2267456	2.538392	15.6	2.538392	0.03146887
774	0.2204472	2.541789	15.62	2.541789	0.03146887
775	0.2210197	2.545352	15.64	2.545352	0.03146887
776	0.2233101	2.548982	15.66	2.548982	0.03146887
777	0.2301812	2.552678	15.68	2.552678	0.03146887
778	0.2313264	2.556474	15.7	2.556474	0.03146887
779	0.2324716	2.560503	15.72	2.560503	0.03146887
780	0.2256005	2.564799	15.74	2.564799	0.03146887
781	0.2204472	2.569028	15.76	2.569028	0.03146887
782	0.2244553	2.573091	15.78	2.573091	0.03146887
783	0.2284634	2.57702	15.8	2.57702	0.03146887
784	0.2261731	2.58065	15.82	2.58065	0.03146887
785	0.2250279	2.584047	15.84	2.584047	0.03146887
786	0.2221649	2.587243	15.86	2.587243	0.03146887
787	0.2198746	2.590274	15.88	2.590274	0.03146887
788	0.2238827	2.593138	15.9	2.593138	0.03146887
789	0.2261731	2.595668	15.92	2.595668	0.03146887
790	0.2313264	2.598166	15.94	2.598166	0.03146887
791	0.2307538	2.600796	15.96	2.600796	0.03146887
792	0.229036	2.603594	15.98	2.603594	0.03146887
793	0.2278908	2.606358	16	2.606358	0.03146887
794	0.229036	2.609221	16.02	2.609221	0.03146887
795	0.2278908	2.612152	16.04	2.612152	0.03146887
796	0.2296086	2.615249	16.06	2.615249	0.03146887
797	0.2256005	2.618546	16.08	2.618546	0.03146887
798	0.2238827	2.621876	16.1	2.621876	0.03146887
799	0.2227375	2.625239	16.12	2.625239	0.03146887
800	0.2215923	2.628702	16.14	2.628702	0.03146887
801	0.2244553	2.632298	16.16	2.632298	0.03146887
802	0.2244553	2.635928	16.18	2.635928	0.03146887
803	0.2284634	2.639724	16.2	2.639724	0.03146887
804	0.2238827	2.643787	16.22	2.643787	0.03146887
805	0.2210197	2.648116	16.24	2.648116	0.03146887
806	0.2118583	2.652445	16.26	2.652445	0.03146887
807	0.1763577	2.656507	16.28	2.656507	0.03146887
808	0.15918	2.660503	16.3	2.660503	0.03146887
809	0.1511638	2.664233	16.32	2.664233	0.03146887
810	0.1500186	2.667563	16.34	2.667563	0.03146887
811	0.1671963	2.670627	16.36	2.670627	0.03146887
812	0.1637608	2.673557	16.38	2.673557	0.03146887
813	0.1608978	2.676254	16.4	2.676254	0.03146887
814	0.1557445	2.678719	16.42	2.678719	0.03146887
815	0.1517364	2.681083	16.44	2.681083	0.03146887
816	0.1528815	2.683547	16.46	2.683547	0.03146887
817	0.1545993	2.686211	16.48	2.686211	0.03146887
818	0.1540267	2.689008	16.5	2.689008	0.03146887
819	0.1505912	2.691839	16.52	2.691839	0.03146887
820	0.1488734	2.694803	16.54	2.694803	0.03146887
821	0.149446	2.697899	16.56	2.697899	0.03146887
822	0.1540267	2.701096	16.58	2.701096	0.03146887
823	0.1568897	2.704426	16.6	2.704426	0.03146887
824	0.1505912	2.707823	16.62	2.707823	0.03146887
825	0.1454379	2.711353	16.64	2.711353	0.03146887
826	0.1156632	2.715049	16.66	2.715049	0.03146887
827	0.139712	2.718678	16.68	2.718678	0.03146887
828	0.136849	2.722408	16.7	2.722408	0.03146887
829	0.127115	2.726371	16.72	2.726371	0.03146887
830	0.1208165	2.730533	16.74	2.730533	0.03146887
831	0.1253972	2.734729	16.76	2.734729	0.03146887
832	0.1322683	2.738692	16.78	2.738692	0.03146887
833	0.1288328	2.742488	16.8	2.742488	0.03146887
834	0.1328409	2.746051	16.82	2.746051	0.03146887
835	0.1316957	2.749248	16.84	2.749248	0.03146887
836	0.1328409	2.752278	16.86	2.752278	0.03146887
837	0.1374216	2.755275	16.88	2.755275	0.03146887
838	0.136849	2.758139	16.9	2.758139	0.03146887
839	0.1294053	2.76077	16.92	2.76077	0.03146887
840	0.1311231	2.763267	16.94	2.763267	0.03146887
841	0.136849	2.765731	16.96	2.765731	0.03146887
842	0.1339861	2.768395	16.98	2.768395	0.03146887
843	0.1328409	2.771226	17	2.771226	0.03146887
844	0.1305505	2.774156	17.02	2.774156	0.03146887
845	0.1276876	2.777187	17.04	2.777187	0.03146887
846	0.1253972	2.780383	17.06	2.780383	0.03146887
847	0.1259698	2.78368	17.08	2.78368	0.03146887
848	0.1190987	2.78701	17.1	2.78701	0.03146887
849	0.1156632	2.79034	17.12	2.79034	0.03146887
850	0.1168084	2.79377	17.14	2.79377	0.03146887
851	0.1105099	2.7975	17.16	2.7975	0.03146887
852	0.1128002	2.801429	17.18	2.801429	0.03146887
853	0.1150906	2.805458	17.2	2.805458	0.03146887
854	0.1190987	2.809654	17.22	2.809654	0.03146887
855	0.1156632	2.81405	17.24	2.81405	0.03146887
856	0.1139454	2.818445	17.26	2.818445	0.03146887
857	0.1128002	2.822741	17.28	2.822741	0.03146887
858	0.1076469	2.82677	17.3	2.82677	0.03146887
859	0.1099373	2.8306	17.32	2.8306	0.03146887
860	0.1082195	2.834096	17.34	2.834096	0.03146887
861	0.1110825	2.837426	17.36	2.837426	0.03146887
862	0.1099373	2.840623	17.38	2.840623	0.03146887
863	0.1105099	2.84362	17.4	2.84362	0.03146887
864	0.1122276	2.846351	17.42	2.846351	0.03146887
865	0.1110825	2.848915	17.44	2.848915	0.03146887
866	0.1122276	2.851612	17.46	2.851612	0.03146887
867	0.1076469	2.854309	17.48	2.854309	0.03146887
868	0.1042114	2.857007	17.5	2.857007	0.03146887
869	0.09848548	2.859837	17.52	2.859837	0.03146887
870	0.09619512	2.862934	17.54	2.862934	0.03146887
871	0.09963066	2.866231	17.56	2.866231	0.03146887
872	0.09791289	2.869561	17.58	2.869561	0.03146887
873	0.09504994	2.872858	17.6	2.872858	0.03146887
874	0.09791289	2.876121	17.62	2.876121	0.03146887
875	0.09905808	2.879551	17.64	2.879551	0.03146887
876	0.09390476	2.883114	17.66	2.883114	0.03146887
877	0.09275959	2.886777	17.68	2.886777	0.03146887
878	0.09447736	2.890573	17.7	2.890573	0.03146887
879	0.09218699	2.894436	17.72	2.894436	0.03146887
880	0.09390476	2.898465	17.74	2.898465	0.03146887
881	0.09275959	2.902494	17.76	2.902494	0.03146887
882	0.09104181	2.906291	17.78	2.906291	0.03146887
883	0.09390477	2.910053	17.8	2.910053	0.03146887
884	0.09848548	2.91355	17.82	2.91355	0.03146887
885	0.101921	2.916747	17.84	2.916747	0.03146887
886	0.09676772	2.919744	17.86	2.919744	0.03146887
887	0.09333217	2.922608	17.88	2.922608	0.03146887
888	0.09390476	2.925272	17.9	2.925272	0.03146887
889	0.1036388	2.927736	17.92	2.927736	0.03146887
890	0.1036388	2.9301	17.94	2.9301	0.03146887
891	0.1036388	2.932531	17.96	2.932531	0.03146887
892	0.1076469	2.935095	17.98	2.935095	0.03146887
893	0.1059292	2.937693	18	2.937693	0.03146887
894	0.1093647	2.940257	18.02	2.940257	0.03146887
895	0.1162358	2.942854	18.04	2.942854	0.03146887
896	0.1162358	2.945618	18.06	2.945618	0.03146887
897	0.1087921	2.948648	18.08	2.948648	0.03146887
898	0.1065017	2.951878	18.1	2.951878	0.03146887
899	0.09848548	2.955142	18.12	2.955142	0.03146887
900	0.09562253	2.958438	18.14	2.958438	0.03146887
901	0.09562253	2.961935	18.16	2.961935	0.03146887
902	0.1002033	2.965531	18.18	2.965531	0.03146887
903	0.1248246	2.969194	18.2	2.969194	0.03146887
904	0.1408571	2.973024	18.22	2.973024	0.03146887
905	0.1442927	2.977053	18.24	2.977053	0.03146887
906	0.1156632	2.981349	18.26	2.981349	0.03146887
907	0.1253972	2.985711	18.28	2.985711	0.03146887
908	0.1225343	2.989807	18.3	2.989807	0.03146887
909	0.08932404	2.993737	18.32	2.993737	0.03146887
910	0.07901742	2.997366	18.34	2.997366	0.03146887
911	0.06985598	3.000763	18.36	3.000763	0.03146887
912	0.08875145	3.003893	18.38	3.003893	0.03146887
913	0.08359814	3.006823	18.4	3.006823	0.03146887
914	0.08073519	3.009521	18.42	3.009521	0.03146887
915	0.07329152	3.012052	18.44	3.012052	0.03146887
916	0.07386411	3.014549	18.46	3.014549	0.03146887
917	0.07615447	3.017113	18.48	3.017113	0.03146887
918	0.07901742	3.01981	18.5	3.01981	0.03146887
919	0.07901742	3.022474	18.52	3.022474	0.03146887
920	0.07615447	3.025305	18.54	3.025305	0.03146887
921	0.07672706	3.028202	18.56	3.028202	0.03146887
922	0.07844483	3.031399	18.58	3.031399	0.03146887
923	0.08474332	3.034862	18.6	3.034862	0.03146887
924	0.0858885	3.038458	18.62	3.038458	0.03146887
925	0.0858885	3.042088	18.64	3.042088	0.03146887
926	0.08875145	3.045818	18.66	3.045818	0.03146887
927	0.09046923	3.049547	18.68	3.049547	0.03146887
928	0.08817887	3.05341	18.7	3.05341	0.03146887
929	0.08703368	3.057406	18.72	3.057406	0.03146887
930	0.09333217	3.061502	18.74	3.061502	0.03146887
931	0.09504994	3.065698	18.76	3.065698	0.03146887
932	0.09619512	3.069794	18.78	3.069794	0.03146887
933	0.09791289	3.07379	18.8	3.07379	0.03146887
934	0.1013484	3.077719	18.82	3.077719	0.03146887
935	0.1087921	3.081349	18.84	3.081349	0.03146887
936	0.1185261	3.084646	18.86	3.084646	0.03146887
937	0.1213891	3.087742	18.88	3.087742	0.03146887
938	0.1156632	3.090673	18.9	3.090673	0.03146887
939	0.1122276	3.093337	18.92	3.093337	0.03146887
940	0.1128002	3.095801	18.94	3.095801	0.03146887
941	0.1156632	3.098265	18.96	3.098265	0.03146887
942	0.114518	3.100896	18.98	3.100896	0.03146887
943	0.1042114	3.10376	19	3.10376	0.03146887
944	0.1036388	3.10659	19.02	3.10659	0.03146887
945	0.101921	3.109454	19.04	3.109454	0.03146887
946	0.1024936	3.112451	19.06	3.112451	0.03146887
947	0.1076469	3.115648	19.08	3.115648	0.03146887
948	0.1099373	3.119011	19.1	3.119011	0.03146887
949	0.1122276	3.122441	19.12	3.122441	0.03146887
950	0.1351312	3.125871	19.14	3.125871	0.03146887
951	0.1168084	3.129534	19.16	3.129534	0.03146887
952	0.1128002	3.133363	19.18	3.133363	0.03146887
953	0.1156632	3.137259	19.2	3.137259	0.03146887
954	0.1190987	3.141322	19.22	3.141322	0.03146887
955	0.114518	3.145551	19.24	3.145551	0.03146887
956	0.1110825	3.149714	19.26	3.149714	0.03146887
957	0.1116551	3.153776	19.28	3.153776	0.03146887
958	0.1099373	3.157672	19.3	3.157672	0.03146887
959	0.1133728	3.161369	19.32	3.161369	0.03146887
960	0.1196713	3.164765	19.34	3.164765	0.03146887
961	0.1225343	3.167995	19.36	3.167995	0.03146887
962	0.1219617	3.171126	19.38	3.171126	0.03146887
963	0.1253972	3.174156	19.4	3.174156	0.03146887
964	0.1248246	3.17692	19.42	3.17692	0.03146887
965	0.1253972	3.179484	19.44	3.179484	0.03146887
966	0.1208165	3.181981	19.46	3.181981	0.03146887
967	0.1133728	3.184612	19.48	3.184612	0.03146887
968	0.1070743	3.187443	19.5	3.187443	0.03146887
969	0.1042114	3.190273	19.52	3.190273	0.03146887
970	0.1007758	3.193104	19.54	3.193104	0.03146887
971	0.09848548	3.196134	19.56	3.196134	0.03146887
972	0.09848548	3.199497	19.58	3.199497	0.03146887
973	0.09447736	3.202927	19.6	3.202927	0.03146887
974	0.09963066	3.206324	19.62	3.206324	0.03146887
975	0.1082195	3.20992	19.64	3.20992	0.03146887
976	0.1042114	3.213616	19.66	3.213616	0.03146887
977	0.09791289	3.217313	19.68	3.217313	0.03146887
978	0.09619512	3.221042	19.7	3.221042	0.03146887
979	0.0744367	3.224872	19.72	3.224872	0.03146887
980	0.09676772	3.228934	19.74	3.228934	0.03146887
981	0.09046923	3.23313	19.76	3.23313	0.03146887
982	0.08130778	3.237326	19.78	3.237326	0.03146887
983	0.07729965	3.241455	19.8	3.241455	0.03146887
984	0.08073519	3.245385	19.82	3.245385	0.03146887
985	0.08417074	3.248948	19.84	3.248948	0.03146887
986	0.09390476	3.252244	19.86	3.252244	0.03146887
987	0.09963066	3.255375	19.88	3.255375	0.03146887
988	0.1385668	3.258205	19.9	3.258205	0.03146887
989	0.1523089	3.260803	19.92	3.260803	0.03146887
990	0.1454379	3.263233	19.94	3.263233	0.03146887
991	0.1265424	3.265731	19.96	3.265731	0.03146887
992	0.1265424	3.268428	19.98	3.268428	0.03146887
993	0.1087921	3.271192	20	3.271192	0.03146887
994	0.101921	3.273923	20.02	3.273923	0.03146887
995	0.1208165	3.276753	20.04	3.276753	0.03146887
996	0.1156632	3.279717	20.06	3.279717	0.03146887
997	0.1162358	3.282947	20.08	3.282947	0.03146887
998	0.1156632	3.28631	20.1	3.28631	0.03146887
999	0.117381	3.289607	20.12	3.289607	0.03146887
1000	0.117381	3.292937	20.14	3.292937	0.03146887
1001	0.1116551	3.296467	20.16	3.296467	0.03146887
1002	0.0858885	3.300196	20.18	3.300196	0.03146887
1003	0.08474332	3.303959	20.2	3.303959	0.03146887
1004	0.1059292	3.307955	20.22	3.307955	0.03146887
1005	0.101921	3.312151	20.24	3.312151	0.03146887
1006	0.09676772	3.316447	20.26	3.316447	0.03146887
1007	0.09447736	3.320643	20.28	3.320643	0.03146887
1008	0.09046923	3.324705	20.3	3.324705	0.03146887
1009	0.09676772	3.328535	20.32	3.328535	0.03146887
1010	0.09848548	3.332031	20.34	3.332031	0.03146887
1011	0.08932404	3.335195	20.36	3.335195	0.03146887
1012	0.08531591	3.338258	20.38	3.338258	0.03146887
1013	0.09104181	3.341189	20.4	3.341189	0.03146887
1014	0.0973403	3.343919	20.42	3.343919	0.03146887
1015	0.1213891	3.34645	20.44	3.34645	0.03146887
1016	0.09848548	3.349047	20.46	3.349047	0.03146887
1017	0.0858885	3.351811	20.48	3.351811	0.03146887
1018	0.05954936	3.354609	20.5	3.354609	0.03146887
1019	0.057259	3.357373	20.52	3.357373	0.03146887
1020	0.0687108	3.360203	20.54	3.360203	0.03146887
1021	0.07959002	3.363233	20.56	3.363233	0.03146887
1022	0.07729965	3.366497	20.58	3.366497	0.03146887
1023	0.1007758	3.369893	20.6	3.369893	0.03146887
1024	0.08245296	3.37329	20.62	3.37329	0.03146887
1025	0.09390477	3.376786	20.64	3.376786	0.03146887
1026	0.1024936	3.380483	20.66	3.380483	0.03146887
1027	0.1059292	3.384146	20.68	3.384146	0.03146887
1028	0.1002033	3.387975	20.7	3.387975	0.03146887
1029	0.09963066	3.392004	20.72	3.392004	0.03146887
1030	0.09390477	3.3962	20.74	3.3962	0.03146887
1031	0.06985598	3.400396	20.76	3.400396	0.03146887
1032	0.09161441	3.404559	20.78	3.404559	0.03146887
1033	0.08932404	3.408521	20.8	3.408521	0.03146887
1034	0.08417074	3.412251	20.82	3.412251	0.03146887
1035	0.07615447	3.415714	20.84	3.415714	0.03146887
1036	0.07959002	3.418878	20.86	3.418878	0.03146887
1037	0.08417074	3.421941	20.88	3.421941	0.03146887
1038	0.08646109	3.424938	20.9	3.424938	0.03146887
1039	0.08245296	3.427635	20.92	3.427635	0.03146887
1040	0.07615447	3.430133	20.94	3.430133	0.03146887
1041	0.07844483	3.43273	20.96	3.43273	0.03146887
1042	0.07672707	3.435394	20.98	3.435394	0.03146887
1043	0.07672707	3.438225	21	3.438225	0.03146887
1044	0.07787225	3.441089	21.02	3.441089	0.03146887
1045	0.07672707	3.443986	21.04	3.443986	0.03146887
1046	0.07558189	3.446949	21.06	3.446949	0.03146887
1047	0.07615447	3.45008	21.08	3.45008	0.03146887
1048	0.07729965	3.453243	21.1	3.453243	0.03146887
1049	0.07729965	3.45634	21.12	3.45634	0.03146887
1050	0.0801626	3.459537	21.14	3.459537	0.03146887
1051	0.08302556	3.462934	21.16	3.462934	0.03146887
1052	0.0801626	3.466463	21.18	3.466463	0.03146887
1053	0.08188038	3.470093	21.2	3.470093	0.03146887
1054	0.08474332	3.473856	21.22	3.473856	0.03146887
1055	0.08760627	3.477818	21.24	3.477818	0.03146887
1056	0.08875145	3.481881	21.26	3.481881	0.03146887
1057	0.08760627	3.48591	21.28	3.48591	0.03146887
1058	0.08989663	3.489807	21.3	3.489807	0.03146887
1059	0.09104181	3.493636	21.32	3.493636	0.03146887
1060	0.09046923	3.497266	21.34	3.497266	0.03146887
1061	0.09104181	3.500463	21.36	3.500463	0.03146887
1062	0.08703368	3.503493	21.38	3.503493	0.03146887
1063	0.08703368	3.506457	21.4	3.506457	0.03146887
1064	0.08417074	3.509154	21.42	3.509154	0.03146887
1065	0.08073519	3.511685	21.44	3.511685	0.03146887
1066	0.07271893	3.514149	21.46	3.514149	0.03146887
1067	0.0692834	3.516813	21.48	3.516813	0.03146887
1068	0.06699304	3.519543	21.5	3.519543	0.03146887
1069	0.06413008	3.522407	21.52	3.522407	0.03146887
1070	0.06241231	3.525371	21.54	3.525371	0.03146887
1071	0.06355749	3.528401	21.56	3.528401	0.03146887
1072	0.0687108	3.531598	21.58	3.531598	0.03146887
1073	0.07443671	3.534928	21.6	3.534928	0.03146887
1074	0.08245296	3.538258	21.62	3.538258	0.03146887
1075	0.08474332	3.541522	21.64	3.541522	0.03146887
1076	0.08760627	3.544985	21.66	3.544985	0.03146887
1077	0.08760627	3.548648	21.68	3.548648	0.03146887
1078	0.08703368	3.552377	21.7	3.552377	0.03146887
1079	0.08646109	3.556373	21.72	3.556373	0.03146887
1080	0.05496864	3.560636	21.74	3.560636	0.03146887
1081	0.07157375	3.565165	21.76	3.565165	0.03146887
1082	0.07386411	3.569527	21.78	3.569527	0.03146887
1083	0.1236794	3.573822	21.8	3.573822	0.03146887
1084	0.1179535	3.577985	21.82	3.577985	0.03146887
1085	0.1099373	3.581681	21.84	3.581681	0.03146887
1086	0.03893612	3.585011	21.86	3.585011	0.03146887
1087	0.07500929	3.588208	21.88	3.588208	0.03146887
1088	0.04466202	3.591205	21.9	3.591205	0.03146887
1089	0.05038792	3.593902	21.92	3.593902	0.03146887
1090	0.07157376	3.596433	21.94	3.596433	0.03146887
1091	0.06298491	3.598964	21.96	3.598964	0.03146887
1092	0.05325087	3.601628	21.98	3.601628	0.03146887
1093	0.05382346	3.604292	22	3.604292	0.03146887
1094	0.05496864	3.607023	22.02	3.607023	0.03146887
1095	0.05840418	3.609886	22.04	3.609886	0.03146887
1096	0.06470267	3.61285	22.06	3.61285	0.03146887
1097	0.06642044	3.616147	22.08	3.616147	0.03146887
1098	0.06756562	3.619577	22.1	3.619577	0.03146887
1099	0.07386411	3.62284	22.12	3.62284	0.03146887
1100	0.07959002	3.62617	22.14	3.62617	0.03146887
1101	0.08646109	3.629766	22.16	3.629766	0.03146887
1102	0.09447736	3.633463	22.18	3.633463	0.03146887
1103	0.09848548	3.637292	22.2	3.637292	0.03146887
1104	0.0973403	3.641255	22.22	3.641255	0.03146887
1105	0.09619512	3.645451	22.24	3.645451	0.03146887
1106	0.09848548	3.649813	22.26	3.649813	0.03146887
1107	0.0973403	3.653942	22.28	3.653942	0.03146887
1108	0.08932404	3.657972	22.3	3.657972	0.03146887
1109	0.08760627	3.661768	22.32	3.661768	0.03146887
1110	0.08875145	3.665164	22.34	3.665164	0.03146887
1111	0.08188038	3.668361	22.36	3.668361	0.03146887
1112	0.0801626	3.671425	22.38	3.671425	0.03146887
1113	0.07844483	3.674222	22.4	3.674222	0.03146887
1114	0.0692834	3.676819	22.42	3.676819	0.03146887
1115	0.06470267	3.679284	22.44	3.679284	0.03146887
1116	0.07214634	3.681814	22.46	3.681814	0.03146887
1117	0.07100116	3.684412	22.48	3.684412	0.03146887
1118	0.07100116	3.687142	22.5	3.687142	0.03146887
1119	0.09619512	3.690006	22.52	3.690006	0.03146887
1120	0.07329153	3.693003	22.54	3.693003	0.03146887
1121	0.07615447	3.696033	22.56	3.696033	0.03146887
1122	0.08817887	3.699197	22.58	3.699197	0.03146887
1123	0.09562253	3.702527	22.6	3.702527	0.03146887
1124	0.09333217	3.70589	22.62	3.70589	0.03146887
1125	0.09161441	3.709387	22.64	3.709387	0.03146887
1126	0.09161441	3.71315	22.66	3.71315	0.03146887
1127	0.09390477	3.716913	22.68	3.716913	0.03146887
1128	0.09963066	3.720775	22.7	3.720775	0.03146887
1129	0.09562253	3.724771	22.72	3.724771	0.03146887
1130	0.09161441	3.728834	22.74	3.728834	0.03146887
1131	0.08760627	3.732897	22.76	3.732897	0.03146887
1132	0.09104181	3.736793	22.78	3.736793	0.03146887
1133	0.09275959	3.740689	22.8	3.740689	0.03146887
1134	0.08932404	3.744485	22.82	3.744485	0.03146887
1135	0.09046923	3.748015	22.84	3.748015	0.03146887
1136	0.09046923	3.751245	22.86	3.751245	0.03146887
1137	0.09218699	3.754408	22.88	3.754408	0.03146887
1138	0.08989663	3.757405	22.9	3.757405	0.03146887
1139	0.08932404	3.760103	22.92	3.760103	0.03146887
1140	0.08875145	3.762567	22.94	3.762567	0.03146887
1141	0.08875145	3.765064	22.96	3.765064	0.03146887
1142	0.09275959	3.767728	22.98	3.767728	0.03146887
1143	0.08703368	3.770526	23	3.770526	0.03146887
1144	0.08073519	3.773389	23.02	3.773389	0.03146887
1145	0.07959002	3.776353	23.04	3.776353	0.03146887
1146	0.08760628	3.779417	23.06	3.779417	0.03146887
1147	0.09504995	3.78268	23.08	3.78268	0.03146887
1148	0.09390477	3.786043	23.1	3.786043	0.03146887
1149	0.1190987	3.78934	23.12	3.78934	0.03146887
1150	0.1202439	3.792737	23.14	3.792737	0.03146887
1151	0.1007758	3.796366	23.16	3.796366	0.03146887
1152	0.1059292	3.799963	23.18	3.799963	0.03146887
1153	0.1065017	3.803692	23.2	3.803692	0.03146887
1154	0.07672706	3.807555	23.22	3.807555	0.03146887
1155	0.08875145	3.811618	23.24	3.811618	0.03146887
1156	0.09046923	3.81578	23.26	3.81578	0.03146887
1157	0.08875145	3.819876	23.28	3.819876	0.03146887
1158	0.08245296	3.823772	23.3	3.823772	0.03146887
1159	0.08531592	3.827435	23.32	3.827435	0.03146887
1160	0.08703368	3.830832	23.34	3.830832	0.03146887
1161	0.08932404	3.833962	23.36	3.833962	0.03146887
1162	0.1002033	3.837026	23.38	3.837026	0.03146887
1163	0.1030662	3.840056	23.4	3.840056	0.03146887
1164	0.09963066	3.842787	23.42	3.842787	0.03146887
1165	0.09333217	3.845317	23.44	3.845317	0.03146887
1166	0.06642044	3.847882	23.46	3.847882	0.03146887
1167	0.06298491	3.850545	23.48	3.850545	0.03146887
1168	0.05954936	3.853309	23.5	3.853309	0.03146887
1169	0.07615447	3.85614	23.52	3.85614	0.03146887
1170	0.06126713	3.859104	23.54	3.859104	0.03146887
1171	0.05668641	3.862034	23.56	3.862034	0.03146887
1172	0.05668641	3.865098	23.58	3.865098	0.03146887
1173	0.05897677	3.868294	23.6	3.868294	0.03146887
1174	0.06470267	3.871558	23.62	3.871558	0.03146887
1175	0.06642044	3.874788	23.64	3.874788	0.03146887
1176	0.06470267	3.878318	23.66	3.878318	0.03146887
1177	0.06413008	3.881914	23.68	3.881914	0.03146887
1178	0.06470267	3.885677	23.7	3.885677	0.03146887
1179	0.0692834	3.88954	23.72	3.88954	0.03146887
1180	0.06813821	3.893602	23.74	3.893602	0.03146887
1181	0.06642044	3.897798	23.76	3.897798	0.03146887
1182	0.06699304	3.901894	23.78	3.901894	0.03146887
1183	0.06699304	3.90589	23.8	3.90589	0.03146887
1184	0.07558189	3.909853	23.82	3.909853	0.03146887
1185	0.08073519	3.913549	23.84	3.913549	0.03146887
1186	0.08817887	3.916879	23.86	3.916879	0.03146887
1187	0.08760627	3.920076	23.88	3.920076	0.03146887
1188	0.0801626	3.923073	23.9	3.923073	0.03146887
1189	0.05038792	3.92587	23.92	3.92587	0.03146887
1190	0.03664576	3.928401	23.94	3.928401	0.03146887
1191	0.0343554	3.930932	23.96	3.930932	0.03146887
1192	0.06413008	3.933596	23.98	3.933596	0.03146887
1193	0.06183972	3.936393	24	3.936393	0.03146887
1194	0.05382346	3.939123	24.02	3.939123	0.03146887
1195	0.05382346	3.941887	24.04	3.941887	0.03146887
1196	0.06298491	3.944784	24.06	3.944784	0.03146887
1197	0.07672707	3.947915	24.08	3.947915	0.03146887
1198	0.0858885	3.951178	24.1	3.951178	0.03146887
1199	0.09161441	3.954575	24.12	3.954575	0.03146887
1200	0.1213891	3.958038	24.14	3.958038	0.03146887
1201	0.09963066	3.961734	24.16	3.961734	0.03146887
1202	0.1059292	3.965464	24.18	3.965464	0.03146887
1203	0.1087921	3.969293	24.2	3.969293	0.03146887
1204	0.1042114	3.973323	24.22	3.973323	0.03146887
1205	0.07214634	3.977585	24.24	3.977585	0.03146887
1206	0.09390476	3.981881	24.26	3.981881	0.03146887
1207	0.08989663	3.985976	24.28	3.985976	0.03146887
1208	0.07959002	3.989906	24.3	3.989906	0.03146887
1209	0.07329152	3.993669	24.32	3.993669	0.03146887
1210	0.07787224	3.997199	24.34	3.997199	0.03146887
1211	0.07787224	4.000429	24.36	4.000429	0.03146887
1212	0.08302556	4.003492	24.38	4.003492	0.03146887
1213	0.08245296	4.006323	24.4	4.006323	0.03146887
1214	0.0801626	4.008987	24.42	4.008987	0.03146887
1215	0.0801626	4.011384	24.44	4.011384	0.03146887
1216	0.0858885	4.013849	24.46	4.013849	0.03146887
1217	0.08703368	4.016446	24.48	4.016446	0.03146887
1218	0.08359814	4.01921	24.5	4.01921	0.03146887
1219	0.0801626	4.022107	24.52	4.022107	0.03146887
1220	0.08073519	4.024971	24.54	4.024971	0.03146887
1221	0.08302554	4.027835	24.56	4.027835	0.03146887
1222	0.0801626	4.030865	24.58	4.030865	0.03146887
1223	0.08188037	4.034128	24.6	4.034128	0.03146887
1224	0.0801626	4.037425	24.62	4.037425	0.03146887
1225	0.07615447	4.040788	24.64	4.040788	0.03146887
1226	0.07329152	4.044418	24.66	4.044418	0.03146887
1227	0.07558189	4.048114	24.68	4.048114	0.03146887
1228	0.07271893	4.051844	24.7	4.051844	0.03146887
1229	0.07386411	4.055707	24.72	4.055707	0.03146887
1230	0.08245296	4.059736	24.74	4.059736	0.03146887
1231	0.08359814	4.063899	24.76	4.063899	0.03146887
1232	0.1087921	4.067928	24.78	4.067928	0.03146887
1233	0.09676772	4.071791	24.8	4.071791	0.03146887
1234	0.1036388	4.07562	24.82	4.07562	0.03146887
1235	0.1105099	4.079183	24.84	4.079183	0.03146887
1236	0.117381	4.08238	24.86	4.08238	0.03146887
1237	0.1236794	4.085477	24.88	4.085477	0.03146887
1238	0.1265424	4.088541	24.9	4.088541	0.03146887
1239	0.1253972	4.091371	24.92	4.091371	0.03146887
1240	0.1168084	4.093935	24.94	4.093935	0.03146887
1241	0.0916144	4.096433	24.96	4.096433	0.03146887
1242	0.0744367	4.099063	24.98	4.099063	0.03146887
1243	0.06527526	4.101794	25	4.101794	0.03146887
1244	0.05954936	4.104658	25.02	4.104658	0.03146887
1245	0.07500929	4.107622	25.04	4.107622	0.03146887
1246	0.06756562	4.110518	25.06	4.110518	0.03146887
1247	0.06470267	4.113616	25.08	4.113616	0.03146887
1248	0.06756562	4.116912	25.1	4.116912	0.03146887
1249	0.07271893	4.120242	25.12	4.120242	0.03146887
1250	0.07729965	4.123572	25.14	4.123572	0.03146887
1251	0.07901742	4.127069	25.16	4.127069	0.03146887
1252	0.08188038	4.130732	25.18	4.130732	0.03146887
1253	0.08073519	4.134495	25.2	4.134495	0.03146887
1254	0.07844483	4.138391	25.22	4.138391	0.03146887
1255	0.07787224	4.142453	25.24	4.142453	0.03146887
1256	0.07100116	4.146583	25.26	4.146583	0.03146887
1257	0.06241231	4.150712	25.28	4.150712	0.03146887
1258	0.05496864	4.154808	25.3	4.154808	0.03146887
1259	0.04981533	4.15877	25.32	4.15877	0.03146887
1260	0.05496864	4.162433	25.34	4.162433	0.03146887
1261	0.05954936	4.165697	25.36	4.165697	0.03146887
1262	0.06012195	4.168827	25.38	4.168827	0.03146887
1263	0.0858885	4.171757	25.4	4.171757	0.03146887
1264	0.06470267	4.174554	25.42	4.174554	0.03146887
1265	0.06813821	4.176985	25.44	4.176985	0.03146887
1266	0.0687108	4.17935	25.46	4.17935	0.03146887
1267	0.07558189	4.181814	25.48	4.181814	0.03146887
1268	0.07214634	4.184545	25.5	4.184545	0.03146887
1269	0.0692834	4.187441	25.52	4.187441	0.03146887
1270	0.07271893	4.190305	25.54	4.190305	0.03146887
1271	0.07214634	4.193269	25.56	4.193269	0.03146887
1272	0.07787224	4.196366	25.58	4.196366	0.03146887
1273	0.08646109	4.199596	25.6	4.199596	0.03146887
1274	0.09562253	4.20296	25.62	4.20296	0.03146887
1275	0.09848548	4.206323	25.64	4.206323	0.03146887
1276	0.09676772	4.209819	25.66	4.209819	0.03146887
1277	0.09848548	4.213549	25.68	4.213549	0.03146887
1278	0.09161441	4.217278	25.7	4.217278	0.03146887
1279	0.05840418	4.221141	25.72	4.221141	0.03146887
1280	0.09046923	4.225204	25.74	4.225204	0.03146887
1281	0.08875145	4.2294	25.76	4.2294	0.03146887
1282	0.08359814	4.233529	25.78	4.233529	0.03146887
1283	0.1065017	4.237458	25.8	4.237458	0.03146887
1284	0.08245296	4.241321	25.82	4.241321	0.03146887
1285	0.08188038	4.244951	25.84	4.244951	0.03146887
1286	0.08531592	4.248347	25.86	4.248347	0.03146887
1287	0.06413008	4.251577	25.88	4.251577	0.03146887
1288	0.08130778	4.254707	25.9	4.254707	0.03146887
1289	0.08130778	4.257571	25.92	4.257571	0.03146887
1290	0.08474332	4.260169	25.94	4.260169	0.03146887
1291	0.08302556	4.262567	25.96	4.262567	0.03146887
1292	0.08760627	4.26503	25.98	4.26503	0.03146887
1293	0.09104181	4.267661	26	4.267661	0.03146887
1294	0.09333217	4.270425	26.02	4.270425	0.03146887
1295	0.1002033	4.273189	26.04	4.273189	0.03146887
1296	0.1042114	4.276086	26.06	4.276086	0.03146887
1297	0.09848548	4.27915	26.08	4.27915	0.03146887
1298	0.08817887	4.282347	26.1	4.282347	0.03146887
1299	0.0858885	4.285676	26.12	4.285676	0.03146887
1300	0.08760627	4.28904	26.14	4.28904	0.03146887
1301	0.08417074	4.29257	26.16	4.29257	0.03146887
1302	0.07844483	4.296399	26.18	4.296399	0.03146887
1303	0.0744367	4.300329	26.2	4.300329	0.03146887
1304	0.0744367	4.304458	26.22	4.304458	0.03146887
1305	0.07901742	4.308787	26.24	4.308787	0.03146887
1306	0.08646109	4.313349	26.26	4.313349	0.03146887
1307	0.09275959	4.317844	26.28	4.317844	0.03146887
1308	0.09619512	4.32204	26.3	4.32204	0.03146887
1309	0.1002033	4.326036	26.32	4.326036	0.03146887
1310	0.1099373	4.329699	26.34	4.329699	0.03146887
1311	0.1225343	4.332996	26.36	4.332996	0.03146887
1312	0.1202439	4.336093	26.38	4.336093	0.03146887
1313	0.1185261	4.33909	26.4	4.33909	0.03146887
1314	0.1139454	4.341887	26.42	4.341887	0.03146887
1315	0.08359814	4.344385	26.44	4.344385	0.03146887
1316	0.1053566	4.346848	26.46	4.346848	0.03146887
1317	0.1042114	4.349513	26.48	4.349513	0.03146887
1318	0.101921	4.352243	26.5	4.352243	0.03146887
1319	0.09161441	4.354974	26.52	4.354974	0.03146887
1320	0.09504994	4.357871	26.54	4.357871	0.03146887
1321	0.09791289	4.360868	26.56	4.360868	0.03146887
1322	0.1059292	4.364031	26.58	4.364031	0.03146887
1323	0.1076469	4.367328	26.6	4.367328	0.03146887
1324	0.1070743	4.370725	26.62	4.370725	0.03146887
1325	0.1007758	4.374121	26.64	4.374121	0.03146887
1326	0.07329152	4.377784	26.66	4.377784	0.03146887
1327	0.09619512	4.381614	26.68	4.381614	0.03146887
1328	0.09562253	4.385543	26.7	4.385543	0.03146887
1329	0.09218699	4.389506	26.72	4.389506	0.03146887
1330	0.0858885	4.393669	26.74	4.393669	0.03146887
1331	0.08417073	4.397864	26.76	4.397864	0.03146887
1332	0.08417073	4.40186	26.78	4.40186	0.03146887
1333	0.09104181	4.405823	26.8	4.405823	0.03146887
1334	0.09848548	4.409586	26.82	4.409586	0.03146887
1335	0.09619512	4.413016	26.84	4.413016	0.03146887
1336	0.09275959	4.416112	26.86	4.416112	0.03146887
1337	0.09275959	4.419076	26.88	4.419076	0.03146887
1338	0.09676772	4.422007	26.9	4.422007	0.03146887
1339	0.09676772	4.424771	26.92	4.424771	0.03146887
1340	0.09562253	4.427301	26.94	4.427301	0.03146887
1341	0.09161441	4.429766	26.96	4.429766	0.03146887
1342	0.08646109	4.43233	26.98	4.43233	0.03146887
1343	0.07959002	4.435061	27	4.435061	0.03146887
1344	0.08073519	4.437891	27.02	4.437891	0.03146887
1345	0.07959002	4.440788	27.04	4.440788	0.03146887
1346	0.07844483	4.443752	27.06	4.443752	0.03146887
1347	0.08130778	4.446949	27.08	4.446949	0.03146887
1348	0.07901742	4.450278	27.1	4.450278	0.03146887
1349	0.07787224	4.453675	27.12	4.453675	0.03146887
1350	0.08417074	4.457038	27.14	4.457038	0.03146887
1351	0.09046923	4.460601	27.16	4.460601	0.03146887
1352	0.08932404	4.464231	27.18	4.464231	0.03146887
1353	0.09046923	4.467894	27.2	4.467894	0.03146887
1354	0.08875145	4.47169	27.22	4.47169	0.03146887
1355	0.09046923	4.475687	27.24	4.475687	0.03146887
1356	0.09676772	4.479882	27.26	4.479882	0.03146887
1357	0.1030662	4.484011	27.28	4.484011	0.03146887
1358	0.09676772	4.487941	27.3	4.487941	0.03146887
1359	0.09333217	4.491837	27.32	4.491837	0.03146887
1360	0.09390476	4.495533	27.34	4.495533	0.03146887
1361	0.09963066	4.498963	27.36	4.498963	0.03146887
1362	0.1076469	4.502193	27.38	4.502193	0.03146887
1363	0.1070743	4.505223	27.4	4.505223	0.03146887
1364	0.1351312	4.508087	27.42	4.508087	0.03146887
1365	0.1059292	4.510652	27.44	4.510652	0.03146887
1366	0.1013484	4.513149	27.46	4.513149	0.03146887
1367	0.07787225	4.515813	27.48	4.515813	0.03146887
1368	0.0687108	4.518543	27.5	4.518543	0.03146887
1369	0.07558189	4.521341	27.52	4.521341	0.03146887
1370	0.09390477	4.524338	27.54	4.524338	0.03146887
1371	0.08989663	4.527235	27.56	4.527235	0.03146887
1372	0.0864611	4.530298	27.58	4.530298	0.03146887
1373	0.08989663	4.533628	27.6	4.533628	0.03146887
1374	0.09676772	4.536958	27.62	4.536958	0.03146887
1375	0.09848548	4.540288	27.64	4.540288	0.03146887
1376	0.09104181	4.543851	27.66	4.543851	0.03146887
1377	0.06298491	4.547481	27.68	4.547481	0.03146887
1378	0.08245296	4.551211	27.7	4.551211	0.03146887
1379	0.08073519	4.555207	27.72	4.555207	0.03146887
1380	0.07558189	4.559436	27.74	4.559436	0.03146887
1381	0.07329152	4.563732	27.76	4.563732	0.03146887
1382	0.07271893	4.567827	27.78	4.567827	0.03146887
1383	0.0744367	4.57179	27.8	4.57179	0.03146887
1384	0.07787224	4.575686	27.82	4.575686	0.03146887
1385	0.07787224	4.579316	27.84	4.579316	0.03146887
1386	0.07729965	4.582679	27.86	4.582679	0.03146887
1387	0.07844483	4.585776	27.88	4.585776	0.03146887
1388	0.08073519	4.588807	27.9	4.588807	0.03146887
1389	0.08073519	4.591604	27.92	4.591604	0.03146887
1390	0.07844483	4.594168	27.94	4.594168	0.03146887
1391	0.07844483	4.596665	27.96	4.596665	0.03146887
1392	0.07558189	4.599263	27.98	4.599263	0.03146887
1393	0.07157375	4.601927	28	4.601927	0.03146887
1394	0.06355749	4.604657	28.02	4.604657	0.03146887
1395	0.04122648	4.607454	28.04	4.607454	0.03146887
1396	0.06241231	4.610318	28.06	4.610318	0.03146887
1397	0.06298491	4.613449	28.08	4.613449	0.03146887
1398	0.09619513	4.616778	28.1	4.616778	0.03146887
1399	0.1122276	4.620175	28.12	4.620175	0.03146887
1400	0.1087921	4.623605	28.14	4.623605	0.03146887
1401	0.08531592	4.627168	28.16	4.627168	0.03146887
1402	0.09218699	4.630831	28.18	4.630831	0.03146887
1403	0.0973403	4.634594	28.2	4.634594	0.03146887
1404	0.0973403	4.638524	28.22	4.638524	0.03146887
1405	0.09848548	4.642753	28.24	4.642753	0.03146887
1406	0.09905808	4.647081	28.26	4.647081	0.03146887
1407	0.09791289	4.651411	28.28	4.651411	0.03146887
1408	0.104784	4.655506	28.3	4.655506	0.03146887
1409	0.1099373	4.659436	28.32	4.659436	0.03146887
1410	0.1093647	4.663065	28.34	4.663065	0.03146887
1411	0.1030662	4.666296	28.36	4.666296	0.03146887
1412	0.0801626	4.669326	28.38	4.669326	0.03146887
1413	0.06183972	4.672323	28.4	4.672323	0.03146887
1414	0.05611382	4.674987	28.42	4.674987	0.03146887
1415	0.08188038	4.677451	28.44	4.677451	0.03146887
1416	0.07500929	4.679982	28.46	4.679982	0.03146887
1417	0.0744367	4.682646	28.48	4.682646	0.03146887
1418	0.0744367	4.685443	28.5	4.685443	0.03146887
1419	0.07959002	4.688307	28.52	4.688307	0.03146887
1420	0.07901742	4.691237	28.54	4.691237	0.03146887
1421	0.0801626	4.694268	28.56	4.694268	0.03146887
1422	0.08531591	4.697498	28.58	4.697498	0.03146887
1423	0.08302554	4.700861	28.6	4.700861	0.03146887
1424	0.0801626	4.704224	28.62	4.704224	0.03146887
1425	0.07500929	4.707687	28.64	4.707687	0.03146887
1426	0.07386411	4.71135	28.66	4.71135	0.03146887
1427	0.0692834	4.71518	28.68	4.71518	0.03146887
1428	0.06699304	4.718943	28.7	4.718943	0.03146887
1429	0.07500929	4.722939	28.72	4.722939	0.03146887
1430	0.07271893	4.727035	28.74	4.727035	0.03146887
1431	0.07271893	4.731197	28.76	4.731197	0.03146887
1432	0.0801626	4.735227	28.78	4.735227	0.03146887
1433	0.08417073	4.739056	28.8	4.739056	0.03146887
1434	0.0858885	4.742753	28.82	4.742753	0.03146887
1435	0.08760627	4.746182	28.84	4.746182	0.03146887
1436	0.08703368	4.749379	28.86	4.749379	0.03146887
1437	0.0858885	4.752509	28.88	4.752509	0.03146887
1438	0.08245296	4.755606	28.9	4.755606	0.03146887
1439	0.08245296	4.758403	28.92	4.758403	0.03146887
1440	0.07844483	4.761034	28.94	4.761034	0.03146887
1441	0.07615447	4.763665	28.96	4.763665	0.03146887
1442	0.07672707	4.766362	28.98	4.766362	0.03146887
1443	0.07844483	4.769193	29	4.769193	0.03146887
1444	0.08073519	4.772089	29.02	4.772089	0.03146887
1445	0.07729965	4.775087	29.04	4.775087	0.03146887
1446	0.08245296	4.778183	29.06	4.778183	0.03146887
1447	0.08417074	4.78148	29.08	4.78148	0.03146887
1448	0.08932404	4.784843	29.1	4.784843	0.03146887
1449	0.09447736	4.788174	29.12	4.788174	0.03146887
1450	0.09333217	4.791537	29.14	4.791537	0.03146887
1451	0.09333217	4.795133	29.16	4.795133	0.03146887
1452	0.09218699	4.798729	29.18	4.798729	0.03146887
1453	0.09676772	4.802426	29.2	4.802426	0.03146887
1454	0.09447736	4.806255	29.22	4.806255	0.03146887
1455	0.09275959	4.810218	29.24	4.810218	0.03146887
1456	0.09333217	4.814248	29.26	4.814248	0.03146887
1457	0.09504994	4.818277	29.28	4.818277	0.03146887
1458	0.09504994	4.822173	29.3	4.822173	0.03146887
1459	0.09791289	4.825969	29.32	4.825969	0.03146887
1460	0.101921	4.829465	29.34	4.829465	0.03146887
1461	0.09905808	4.832695	29.36	4.832695	0.03146887
1462	0.09619512	4.835859	29.38	4.835859	0.03146887
1463	0.06413008	4.838989	29.4	4.838989	0.03146887
1464	0.04122648	4.841887	29.42	4.841887	0.03146887
1465	0.03091986	4.844584	29.44	4.844584	0.03146887
1466	0.04122648	4.847248	29.46	4.847248	0.03146887
1467	0.06069454	4.849912	29.48	4.849912	0.03146887
1468	0.057259	4.852609	29.5	4.852609	0.03146887
1469	0.07787225	4.855406	29.52	4.855406	0.03146887
1470	0.08703368	4.858336	29.54	4.858336	0.03146887
1471	0.07214634	4.861367	29.56	4.861367	0.03146887
1472	0.07500929	4.864531	29.58	4.864531	0.03146887
1473	0.07844483	4.867827	29.6	4.867827	0.03146887
1474	0.07443671	4.871191	29.62	4.871191	0.03146887
1475	0.07271893	4.874654	29.64	4.874654	0.03146887
1476	0.07615447	4.87825	29.66	4.87825	0.03146887
1477	0.07959002	4.881947	29.68	4.881947	0.03146887
1478	0.07100116	4.885709	29.7	4.885709	0.03146887
1479	0.06470267	4.889638	29.72	4.889638	0.03146887
1480	0.07042857	4.893734	29.74	4.893734	0.03146887
1481	0.07615447	4.897964	29.76	4.897964	0.03146887
1482	0.0801626	4.902126	29.78	4.902126	0.03146887
1483	0.08703368	4.906222	29.8	4.906222	0.03146887
1484	0.1133728	4.910151	29.82	4.910151	0.03146887
1485	0.09104181	4.913748	29.84	4.913748	0.03146887
1486	0.09104181	4.917078	29.86	4.917078	0.03146887
1487	0.08932404	4.920241	29.88	4.920241	0.03146887
1488	0.06298491	4.923205	29.9	4.923205	0.03146887
1489	0.05267828	4.925769	29.92	4.925769	0.03146887
1490	0.057259	4.928167	29.94	4.928167	0.03146887
1491	0.07729965	4.930564	29.96	4.930564	0.03146887
1492	0.07844483	4.933095	29.98	4.933095	0.03146887
1493	0.1110825	4.935692	30	4.935692	0.03146887
1494	0.1179535	4.93839	30.02	4.93839	0.03146887
1495	0.09390477	4.941154	30.04	4.941154	0.03146887
1496	0.0973403	4.944084	30.06	4.944084	0.03146887
1497	0.1002033	4.947314	30.08	4.947314	0.03146887
1498	0.1059292	4.950711	30.1	4.950711	0.03146887
1499	0.1110825	4.954107	30.12	4.954107	0.03146887
1500	0.1076469	4.957537	30.14	4.957537	0.03146887
1501	0.1013484	4.961167	30.16	4.961167	0.03146887
1502	0.09963066	4.96483	30.18	4.96483	0.03146887
1503	0.1024936	4.968526	30.2	4.968526	0.03146887
1504	0.0973403	4.972489	30.22	4.972489	0.03146887
1505	0.09390476	4.976718	30.24	4.976718	0.03146887
1506	0.08703368	4.981047	30.26	4.981047	0.03146887
1507	0.08245296	4.985443	30.28	4.985443	0.03146887
1508	0.0858885	4.989638	30.3	4.989638	0.03146887
1509	0.08817887	4.993568	30.32	4.993568	0.03146887
1510	0.08703368	4.997098	30.34	4.997098	0.03146887
1511	0.08359814	5.000394	30.36	5.000394	0.03146887
1512	0.09104181	5.003491	30.38	5.003491	0.03146887
1513	0.1013484	5.006455	30.4	5.006455	0.03146887
1514	0.1087921	5.009186	30.42	5.009186	0.03146887
1515	0.1042114	5.01175	30.44	5.01175	0.03146887
1516	0.09905808	5.014214	30.46	5.014214	0.03146887
1517	0.1007758	5.016745	30.48	5.016745	0.03146887
1518	0.1013484	5.019409	30.5	5.019409	0.03146887
1519	0.1013484	5.022172	30.52	5.022172	0.03146887
1520	0.0973403	5.025136	30.54	5.025136	0.03146887
1521	0.09218699	5.028433	30.56	5.028433	0.03146887
1522	0.08932404	5.031963	30.58	5.031963	0.03146887
1523	0.08760627	5.035593	30.6	5.035593	0.03146887
1524	0.07901742	5.039222	30.62	5.039222	0.03146887
1525	0.06985598	5.042952	30.64	5.042952	0.03146887
1526	0.07100116	5.046848	30.66	5.046848	0.03146887
1527	0.0744367	5.050811	30.68	5.050811	0.03146887
1528	0.07386411	5.054906	30.7	5.054906	0.03146887
1529	0.06813821	5.059236	30.72	5.059236	0.03146887
1530	0.06241231	5.063531	30.74	5.063531	0.03146887
1531	0.06584785	5.06776	30.76	5.06776	0.03146887
1532	0.07672706	5.07179	30.78	5.07179	0.03146887
1533	0.08531591	5.075653	30.8	5.075653	0.03146887
1534	0.0858885	5.079182	30.82	5.079182	0.03146887
1535	0.08417074	5.082379	30.84	5.082379	0.03146887
1536	0.08703368	5.085343	30.86	5.085343	0.03146887
1537	0.09333217	5.088173	30.88	5.088173	0.03146887
1538	0.1030662	5.09087	30.9	5.09087	0.03146887
1539	0.104784	5.093401	30.92	5.093401	0.03146887
1540	0.1007758	5.095899	30.94	5.095899	0.03146887
1541	0.0973403	5.098496	30.96	5.098496	0.03146887
1542	0.09504994	5.101227	30.98	5.101227	0.03146887
1543	0.09275959	5.103891	31	5.103891	0.03146887
1544	0.09161441	5.106655	31.02	5.106655	0.03146887
1545	0.08760628	5.109685	31.04	5.109685	0.03146887
1546	0.07901742	5.112849	31.06	5.112849	0.03146887
1547	0.07329153	5.116112	31.08	5.116112	0.03146887
1548	0.06985598	5.119342	31.1	5.119342	0.03146887
1549	0.07100116	5.122605	31.12	5.122605	0.03146887
1550	0.07214634	5.125969	31.14	5.125969	0.03146887
1551	0.07787224	5.129532	31.16	5.129532	0.03146887
1552	0.07615447	5.133061	31.18	5.133061	0.03146887
1553	0.07959002	5.136591	31.2	5.136591	0.03146887
1554	0.08130778	5.140288	31.22	5.140288	0.03146887
1555	0.08646109	5.144117	31.24	5.144117	0.03146887
1556	0.09046923	5.14788	31.26	5.14788	0.03146887
1557	0.09333217	5.151577	31.28	5.151577	0.03146887
1558	0.09218699	5.155273	31.3	5.155273	0.03146887
1559	0.08817887	5.158903	31.32	5.158903	0.03146887
1560	0.08703368	5.162266	31.34	5.162266	0.03146887
1561	0.08646109	5.165363	31.36	5.165363	0.03146887
1562	0.08760627	5.168393	31.38	5.168393	0.03146887
1563	0.08989663	5.171423	31.4	5.171423	0.03146887
1564	0.09390477	5.174254	31.42	5.174254	0.03146887
1565	0.0858885	5.176818	31.44	5.176818	0.03146887
1566	0.07959002	5.179249	31.46	5.179249	0.03146887
1567	0.07787224	5.181779	31.48	5.181779	0.03146887
1568	0.05611382	5.184377	31.5	5.184377	0.03146887
1569	0.07959002	5.187108	31.52	5.187108	0.03146887
1570	0.08130778	5.189938	31.54	5.189938	0.03146887
1571	0.07615447	5.192902	31.56	5.192902	0.03146887
1572	0.07042857	5.196132	31.58	5.196132	0.03146887
1573	0.07615447	5.199528	31.6	5.199528	0.03146887
1574	0.08245296	5.202892	31.62	5.202892	0.03146887
1575	0.08302556	5.206255	31.64	5.206255	0.03146887
1576	0.08417074	5.209752	31.66	5.209752	0.03146887
1577	0.0801626	5.213415	31.68	5.213415	0.03146887
1578	0.07214634	5.217211	31.7	5.217211	0.03146887
1579	0.07271893	5.221173	31.72	5.221173	0.03146887
1580	0.07386411	5.225236	31.74	5.225236	0.03146887
1581	0.07558189	5.229432	31.76	5.229432	0.03146887
1582	0.07672706	5.233461	31.78	5.233461	0.03146887
1583	0.0744367	5.237457	31.8	5.237457	0.03146887
1584	0.07729965	5.241453	31.82	5.241453	0.03146887
1585	0.08245296	5.245183	31.84	5.245183	0.03146887
1586	0.08875145	5.248646	31.86	5.248646	0.03146887
1587	0.09046923	5.251909	31.88	5.251909	0.03146887
1588	0.09447736	5.254973	31.9	5.254973	0.03146887
1589	0.09676772	5.25777	31.92	5.25777	0.03146887
1590	0.1024936	5.260334	31.94	5.260334	0.03146887
1591	0.1093647	5.262932	31.96	5.262932	0.03146887
1592	0.1076469	5.265629	31.98	5.265629	0.03146887
1593	0.1087921	5.268459	32	5.268459	0.03146887
1594	0.1110825	5.271256	32.02	5.271256	0.03146887
1595	0.1076469	5.274054	32.04	5.274054	0.03146887
1596	0.104784	5.276885	32.06	5.276885	0.03146887
1597	0.101921	5.279981	32.08	5.279981	0.03146887
1598	0.1002033	5.283178	32.1	5.283178	0.03146887
1599	0.1002033	5.286475	32.12	5.286475	0.03146887
1600	0.09791289	5.289938	32.14	5.289938	0.03146887
1601	0.09504994	5.293568	32.16	5.293568	0.03146887
1602	0.09046923	5.297297	32.18	5.297297	0.03146887
1603	0.08989663	5.301193	32.2	5.301193	0.03146887
1604	0.09218699	5.305289	32.22	5.305289	0.03146887
1605	0.09104181	5.309618	32.24	5.309618	0.03146887
1606	0.08646109	5.314014	32.26	5.314014	0.03146887
1607	0.08359814	5.318143	32.28	5.318143	0.03146887
1608	0.07787224	5.322206	32.3	5.322206	0.03146887
1609	0.07672706	5.326135	32.32	5.326135	0.03146887
1610	0.07271893	5.329698	32.34	5.329698	0.03146887
1611	0.07271893	5.332962	32.36	5.332962	0.03146887
1612	0.07443671	5.336059	32.38	5.336059	0.03146887
1613	0.07500929	5.338989	32.4	5.338989	0.03146887
1614	0.07672707	5.34172	32.42	5.34172	0.03146887
1615	0.1087921	5.344151	32.44	5.344151	0.03146887
1616	0.08703368	5.346581	32.46	5.346581	0.03146887
1617	0.08703368	5.349179	32.48	5.349179	0.03146887
1618	0.09218699	5.351876	32.5	5.351876	0.03146887
1619	0.09447736	5.354573	32.52	5.354573	0.03146887
1620	0.09447736	5.357271	32.54	5.357271	0.03146887
1621	0.09905808	5.360134	32.56	5.360134	0.03146887
1622	0.1013484	5.363398	32.58	5.363398	0.03146887
1623	0.09963066	5.366761	32.6	5.366761	0.03146887
1624	0.1030662	5.370124	32.62	5.370124	0.03146887
1625	0.104784	5.373588	32.64	5.373588	0.03146887
1626	0.1087921	5.377217	32.66	5.377217	0.03146887
1627	0.1122276	5.38088	32.68	5.38088	0.03146887
1628	0.1093647	5.384643	32.7	5.384643	0.03146887
1629	0.1070743	5.388639	32.72	5.388639	0.03146887
1630	0.1070743	5.392835	32.74	5.392835	0.03146887
1631	0.104784	5.397097	32.76	5.397097	0.03146887
1632	0.1042114	5.401193	32.78	5.401193	0.03146887
1633	0.101921	5.405089	32.8	5.405089	0.03146887
1634	0.09504994	5.408852	32.82	5.408852	0.03146887
1635	0.09275959	5.412315	32.84	5.412315	0.03146887
1636	0.08989663	5.415512	32.86	5.415512	0.03146887
1637	0.08817887	5.418476	32.88	5.418476	0.03146887
1638	0.08417073	5.421273	32.9	5.421273	0.03146887
1639	0.08646109	5.423837	32.92	5.423837	0.03146887
1640	0.0858885	5.426235	32.94	5.426235	0.03146887
1641	0.08531592	5.428666	32.96	5.428666	0.03146887
1642	0.08646109	5.431197	32.98	5.431197	0.03146887
1643	0.08989663	5.43386	33	5.43386	0.03146887
1644	0.09333217	5.436724	33.02	5.436724	0.03146887
1645	0.09734031	5.439655	33.04	5.439655	0.03146887
1646	0.127115	5.442585	33.06	5.442585	0.03146887
1647	0.1316957	5.445815	33.08	5.445815	0.03146887
1648	0.139712	5.449212	33.1	5.449212	0.03146887
1649	0.1150906	5.452609	33.12	5.452609	0.03146887
1650	0.114518	5.455972	33.14	5.455972	0.03146887
1651	0.1156632	5.459502	33.16	5.459502	0.03146887
1652	0.08932404	5.462932	33.18	5.462932	0.03146887
1653	0.1065017	5.466428	33.2	5.466428	0.03146887
1654	0.09218699	5.470091	33.22	5.470091	0.03146887
1655	0.08817887	5.473854	33.24	5.473854	0.03146887
1656	0.08703368	5.47775	33.26	5.47775	0.03146887
1657	0.09218699	5.481713	33.28	5.481713	0.03146887
1658	0.09447736	5.485609	33.3	5.485609	0.03146887
1659	0.09275959	5.489471	33.32	5.489471	0.03146887
1660	0.09848548	5.493134	33.34	5.493134	0.03146887
1661	0.1007758	5.496598	33.36	5.496598	0.03146887
1662	0.104784	5.499895	33.38	5.499895	0.03146887
1663	0.09963066	5.503091	33.4	5.503091	0.03146887
1664	0.09333217	5.505988	33.42	5.505988	0.03146887
1665	0.08875145	5.508586	33.44	5.508586	0.03146887
1666	0.08989663	5.511083	33.46	5.511083	0.03146887
1667	0.08760627	5.513747	33.48	5.513747	0.03146887
1668	0.08359814	5.516544	33.5	5.516544	0.03146887
1669	0.08359814	5.519475	33.52	5.519475	0.03146887
1670	0.08302554	5.522305	33.54	5.522305	0.03146887
1671	0.08875145	5.525002	33.56	5.525002	0.03146887
1672	0.09848548	5.527833	33.58	5.527833	0.03146887
1673	0.1013484	5.53093	33.6	5.53093	0.03146887
1674	0.1082195	5.534227	33.62	5.534227	0.03146887
1675	0.1122276	5.537557	33.64	5.537557	0.03146887
1676	0.1156632	5.540953	33.66	5.540953	0.03146887
1677	0.1139454	5.54455	33.68	5.54455	0.03146887
1678	0.1133728	5.548113	33.7	5.548113	0.03146887
1679	0.08359814	5.551809	33.72	5.551809	0.03146887
1680	0.0744367	5.555672	33.74	5.555672	0.03146887
1681	0.07558189	5.559901	33.76	5.559901	0.03146887
1682	0.09104181	5.56423	33.78	5.56423	0.03146887
1683	0.08302556	5.568259	33.8	5.568259	0.03146887
1684	0.07787224	5.572222	33.82	5.572222	0.03146887
1685	0.08245296	5.576118	33.84	5.576118	0.03146887
1686	0.08188038	5.579748	33.86	5.579748	0.03146887
1687	0.08073519	5.583045	33.88	5.583045	0.03146887
1688	0.08188038	5.586108	33.9	5.586108	0.03146887
1689	0.08989663	5.588872	33.92	5.588872	0.03146887
1690	0.09562253	5.59137	33.94	5.59137	0.03146887
1691	0.09848548	5.593734	33.96	5.593734	0.03146887
1692	0.09504994	5.596265	33.98	5.596265	0.03146887
1693	0.08760627	5.598995	34	5.598995	0.03146887
1694	0.06069454	5.601759	34.02	5.601759	0.03146887
1695	0.0687108	5.604523	34.04	5.604523	0.03146887
1696	0.1351312	5.607287	34.06	5.607287	0.03146887
1697	0.1002033	5.610217	34.08	5.610217	0.03146887
1698	0.1362764	5.613447	34.1	5.613447	0.03146887
1699	0.1351312	5.616811	34.12	5.616811	0.03146887
1700	0.1093647	5.620274	34.14	5.620274	0.03146887
1701	0.1179535	5.623837	34.16	5.623837	0.03146887
1702	0.1179535	5.627633	34.18	5.627633	0.03146887
1703	0.0858885	5.631563	34.2	5.631563	0.03146887
1704	0.1082195	5.635659	34.22	5.635659	0.03146887
1705	0.1024936	5.639987	34.24	5.639987	0.03146887
1706	0.1002033	5.644483	34.26	5.644483	0.03146887