1	-0,02061324	6,66E-05	0,42	6,66E-05	0,03146855
2	-0,01545993	0,0003663	0,44	0,0003663	0,0314686
3	-0,01374216	0,0017982	0,46	0,0017982	0,03146864
4	-0,01259698	0,0044289	0,48	0,0044289	0,03146869
5	0,01488734	0,006993	0,5	0,006993	0,03146873
6	0,0400813	0,0107892	0,52	0,0107892	0,03146878
7	0,1236794	0,0159174	0,54	0,0159174	0,03146882
8	0,3824901	0,0221445	0,56	0,0221445	0,03146887
9	0,6848177	0,0290709	0,58	0,0290709	0,03146887
10	1,101663	0,0362304	0,6	0,0362304	0,03146887
11	1,582639	0,0438228	0,62	0,0438228	0,03146887
12	2,16439	0,0513486	0,64	0,0513486	0,03146887
13	2,773626	0,0584415	0,66	0,0584415	0,03146887
14	3,401185	0,0650349	0,68	0,0650349	0,03146887
15	4,037905	0,0707958	0,7	0,0707958	0,03146887
16	4,628818	0,0763236	0,72	0,0763236	0,03146887
17	5,256376	0,0818847	0,74	0,0818847	0,03146887
18	5,883935	0,08761229	0,76	0,08761229	0,03146887
19	6,410718	0,0936396	0,78	0,0936396	0,03146887
20	7,065761	0,1000998	0,8	0,1000998	0,03146887
21	7,82158	0,1069596	0,82	0,1069596	0,03146887
22	8,522429	0,113886	0,84	0,113886	0,03146887
23	9,360702	0,1214118	0,86	0,1214118	0,03146887
24	10,32265	0,129204	0,88	0,129204	0,03146887
25	11,28918	0,136863	0,9	0,136863	0,03146887
26	12,32443	0,1441224	0,92	0,1441224	0,03146887
27	13,41006	0,1507824	0,94	0,1507824	0,03146887
28	14,43156	0,1566432	0,96	0,1566432	0,03146887
29	15,36145	0,1623708	0,98	0,1623708	0,03146887
30	16,22262	0,1681317	1	0,1681317	0,03146887
31	17,03341	0,1739925	1,02	0,1739925	0,03146887
32	17,84419	0,1802529	1,04	0,1802529	0,03146887
33	18,66414	0,1867797	1,06	0,1867797	0,03146887
34	19,46119	0,1935729	1,08	0,1935729	0,03146887
35	20,24449	0,2008989	1,1	0,2008989	0,03146887
36	21,08276	0,2087244	1,12	0,2087244	0,03146887
37	21,98059	0,2163501	1,14	0,2163501	0,03146887
38	22,98834	0,2238426	1,16	0,2238426	0,03146887
39	23,96404	0,2309022	1,18	0,2309022	0,03146887
40	24,91225	0,2371293	1,2	0,2371293	0,03146887
41	25,79633	0,2428902	1,22	0,2428902	0,03146887
42	26,51092	0,2485512	1,24	0,2485512	0,03146887
43	27,16138	0,2542788	1,26	0,2542788	0,03146887
44	27,77978	0,2603061	1,28	0,2603061	0,03146887
45	28,51269	0,2666664	1,3	0,2666664	0,03146887
46	29,30516	0,2734929	1,32	0,2734929	0,03146887
47	30,03807	0,2805858	1,34	0,2805858	0,03146887
48	30,78931	0,2882781	1,36	0,2882781	0,03146887
49	31,68255	0,2962368	1,38	0,2962368	0,03146887
50	32,6216	0,3038958	1,4	0,3038958	0,03146887
51	33,58813	0,3110886	1,42	0,3110886	0,03146887
52	34,48137	0,3175821	1,44	0,3175821	0,03146887
53	35,31964	0,3233763	1,46	0,3233763	0,03146887
54	36,10752	0,3289374	1,48	0,3289374	0,03146887
55	36,80379	0,3345651	1,5	0,3345651	0,03146887
56	37,4451	0,3404592	1,52	0,3404592	0,03146887
57	38,09556	0,3468195	1,54	0,3468195	0,03146887
58	38,80099	0,3535461	1,56	0,3535461	0,03146887
59	39,58887	0,3605058	1,58	0,3605058	0,03146887
60	40,40424	0,3678984	1,6	0,3678984	0,03146887
61	41,28832	0,3756906	1,62	0,3756906	0,03146887
62	42,24569	0,3833496	1,64	0,3833496	0,03146887
63	43,171	0,3908088	1,66	0,3908088	0,03146887
64	44,16959	0,3977352	1,68	0,3977352	0,03146887
65	45,11322	0,4038291	1,7	0,4038291	0,03146887
66	45,96066	0,40959	1,72	0,40959	0,03146887
67	46,71647	0,4153509	1,74	0,4153509	0,03146887
68	47,399	0,4211451	1,76	0,4211451	0,03146887
69	48,03114	0,4273056	1,78	0,4273056	0,03146887
70	48,75489	0,4337658	1,8	0,4337658	0,03146887
71	49,59317	0,4405257	1,82	0,4405257	0,03146887
72	50,41311	0,4474854	1,84	0,4474854	0,03146887
73	51,18268	0,4550778	1,86	0,4550778	0,03146887
74	52,08508	0,4628367	1,88	0,4628367	0,03146887
75	52,96458	0,4703625	1,9	0,4703625	0,03146887
76	53,93569	0,477522	1,92	0,477522	0,03146887
77	54,91138	0,4840155	1,94	0,4840155	0,03146887
78	55,71759	0,4898097	1,96	0,4898097	0,03146887
79	56,40928	0,4953708	1,98	0,4953708	0,03146887
80	57,11929	0,5010651	2	0,5010651	0,03146887
81	57,85678	0,5067261	2,02	0,5067261	0,03146887
82	58,4706	0,5127867	2,04	0,5127867	0,03146887
83	59,14397	0,519147	2,06	0,519147	0,03146887
84	59,85856	0,5258736	2,08	0,5258736	0,03146887
85	60,66019	0,533133	2,1	0,533133	0,03146887
86	61,47556	0,5409252	2,12	0,5409252	0,03146887
87	62,33215	0,5486508	2,14	0,5486508	0,03146887
88	63,22997	0,5562765	2,16	0,5562765	0,03146887
89	64,1736	0,5634027	2,18	0,5634027	0,03146887
90	65,04394	0,5697297	2,2	0,5697297	0,03146887
91	65,84098	0,5755572	2,22	0,5755572	0,03146887
92	66,52809	0,5813514	2,24	0,5813514	0,03146887
93	67,17855	0,5872122	2,26	0,5872122	0,03146887
94	67,79695	0,5932062	2,28	0,5932062	0,03146887
95	68,41077	0,5995665	2,3	0,5995665	0,03146887
96	69,09787	0,606393	2,32	0,606393	0,03146887
97	69,85828	0,6134526	2,34	0,6134526	0,03146887
98	70,56371	0,621045	2,36	0,621045	0,03146887
99	71,36533	0,629037	2,38	0,629037	0,03146887
100	72,19902	0,6367626	2,4	0,6367626	0,03146887
101	73,05562	0,6439553	2,42	0,6439553	0,03146887
102	73,91679	0,6505155	2,44	0,6505155	0,03146887
103	74,67719	0,6562098	2,46	0,6562098	0,03146887
104	75,3185	0,6618042	2,48	0,6618042	0,03146887
105	75,89566	0,6674652	2,5	0,6674652	0,03146887
106	76,43619	0,6731595	2,52	0,6731595	0,03146887
107	77,02252	0,67932	2,54	0,67932	0,03146887
108	77,6226	0,6858801	2,56	0,6858801	0,03146887
109	78,2868	0,6928398	2,58	0,6928398	0,03146887
110	78,94642	0,7000992	2,6	0,7000992	0,03146887
111	79,54649	0,7077249	2,62	0,7077249	0,03146887
112	80,284	0,7153506	2,64	0,7153506	0,03146887
113	81,14059	0,7228764	2,66	0,7228764	0,03146887
114	81,94679	0,7298694	2,68	0,7298694	0,03146887
115	82,69345	0,7360632	2,7	0,7360632	0,03146887
116	83,36681	0,7416909	2,72	0,7416909	0,03146887
117	83,91193	0,7472852	2,74	0,7472852	0,03146887
118	84,42038	0,7530795	2,76	0,7530795	0,03146887
119	84,91052	0,7591401	2,78	0,7591401	0,03146887
120	85,40524	0,7656669	2,8	0,7656669	0,03146887
121	85,97783	0,7725933	2,82	0,7725933	0,03146887
122	86,58706	0,7796196	2,84	0,7796196	0,03146887
123	87,28791	0,7870455	2,86	0,7870455	0,03146887
124	87,98876	0,794538	2,88	0,794538	0,03146887
125	88,65755	0,8018973	2,9	0,8018973	0,03146887
126	89,36298	0,8089902	2,92	0,8089902	0,03146887
127	90,04092	0,8156168	2,94	0,8156168	0,03146887
128	90,71429	0,8215443	2,96	0,8215443	0,03146887
129	91,2823	0,8272053	2,98	0,8272053	0,03146887
130	91,77702	0,832833	3	0,832833	0,03146887
131	92,25341	0,8384607	3,02	0,8384607	0,03146887
132	92,71149	0,8445545	3,04	0,8445545	0,03146887
133	93,20163	0,8509815	3,06	0,8509815	0,03146887
134	93,74215	0,8576748	3,08	0,8576748	0,03146887
135	94,3239	0,8647677	3,1	0,8647677	0,03146887
136	94,97437	0,8723601	3,12	0,8723601	0,03146887
137	95,62482	0,8799525	3,14	0,8799525	0,03146887
138	96,33942	0,8876114	3,16	0,8876114	0,03146887
139	96,99904	0,8948709	3,18	0,8948709	0,03146887
140	97,63118	0,9013311	3,2	0,9013311	0,03146887
141	98,27706	0,9071919	3,22	0,9071919	0,03146887
142	98,80384	0,9128861	3,24	0,9128861	0,03146887
143	99,25275	0,9185139	3,26	0,9185139	0,03146887
144	99,69708	0,9243414	3,28	0,9243414	0,03146887
145	100,1826	0,9306018	3,3	0,9306018	0,03146887
146	100,6774	0,9371285	3,32	0,9371285	0,03146887
147	101,195	0,9439217	3,34	0,9439217	0,03146887
148	101,708	0,9513144	3,36	0,9513144	0,03146887
149	102,2577	0,9591066	3,38	0,9591066	0,03146887
150	102,8624	0,9668322	3,4	0,9668322	0,03146887
151	103,5495	0,9743913	3,42	0,9743913	0,03146887
152	104,3099	0,9812511	3,44	0,9812511	0,03146887
153	105,0611	0,9873117	3,46	0,9873117	0,03146887
154	105,7161	0,9930393	3,48	0,9930393	0,03146887
155	106,3345	0,9987003	3,5	0,9987003	0,03146887
156	106,8659	1,004494	3,52	1,004494	0,03146887
157	107,3835	1,010755	3,54	1,010755	0,03146887
158	107,9241	1,017348	3,56	1,017348	0,03146887
159	108,4783	1,024408	3,58	1,024408	0,03146887
160	109,0738	1,031834	3,6	1,031834	0,03146887
161	109,7701	1,039693	3,62	1,039693	0,03146887
162	110,5488	1,047518	3,64	1,047518	0,03146887
163	111,2909	1,055244	3,66	1,055244	0,03146887
164	112,0971	1,062303	3,68	1,062303	0,03146887
165	112,7613	1,06853	3,7	1,06853	0,03146887
166	113,3202	1,074258	3,72	1,074258	0,03146887
167	113,8378	1,079952	3,74	1,079952	0,03146887
168	114,2684	1,085647	3,76	1,085647	0,03146887
169	114,6806	1,09174	3,78	1,09174	0,03146887
170	115,1204	1,098267	3,8	1,098267	0,03146887
171	115,6426	1,104961	3,82	1,104961	0,03146887
172	116,1327	1,111887	3,84	1,111887	0,03146887
173	116,7786	1,119346	3,86	1,119346	0,03146887
174	117,4336	1,126972	3,88	1,126972	0,03146887
175	118,1116	1,134631	3,9	1,134631	0,03146887
176	118,7483	1,141957	3,92	1,141957	0,03146887
177	119,4995	1,148584	3,94	1,148584	0,03146887
178	120,2096	1,154444	3,96	1,154444	0,03146887
179	120,8142	1,160005	3,98	1,160005	0,03146887
180	121,3043	1,165633	4	1,165633	0,03146887
181	121,8632	1,171261	4,02	1,171261	0,03146887
182	122,3487	1,177455	4,04	1,177455	0,03146887
183	122,8893	1,184048	4,06	1,184048	0,03146887
184	123,5168	1,190974	4,08	1,190974	0,03146887
185	124,1261	1,198267	4,1	1,198267	0,03146887
186	124,804	1,206059	4,12	1,206059	0,03146887
187	125,5827	1,213885	4,14	1,213885	0,03146887
188	126,3431	1,221577	4,16	1,221577	0,03146887
189	127,2043	1,228737	4,18	1,228737	0,03146887
190	127,9418	1,234997	4,2	1,234997	0,03146887
191	128,6014	1,240791	4,22	1,240791	0,03146887
192	129,1786	1,246419	4,24	1,246419	0,03146887
193	129,6916	1,251947	4,26	1,251947	0,03146887
194	130,0902	1,257874	4,28	1,257874	0,03146887
195	130,5437	1,264101	4,3	1,264101	0,03146887
196	131,0933	1,270695	4,32	1,270695	0,03146887
197	131,6568	1,277555	4,34	1,277555	0,03146887
198	132,2477	1,285014	4,36	1,285014	0,03146887
199	132,9211	1,292872	4,38	1,292872	0,03146887
200	133,6815	1,300698	4,4	1,300698	0,03146887
201	134,451	1,30819	4,42	1,30819	0,03146887
202	135,2114	1,314884	4,44	1,314884	0,03146887
203	135,926	1,320711	4,46	1,320711	0,03146887
204	136,4986	1,326172	4,48	1,326172	0,03146887
205	136,9292	1,331767	4,5	1,331767	0,03146887
206	137,3369	1,337494	4,52	1,337494	0,03146887
207	137,7766	1,343622	4,54	1,343622	0,03146887
208	138,1751	1,350049	4,56	1,350049	0,03146887
209	138,6836	1,356875	4,58	1,356875	0,03146887
210	139,2745	1,364134	4,6	1,364134	0,03146887
211	139,87	1,371794	4,62	1,371794	0,03146887
212	140,5617	1,379386	4,64	1,379386	0,03146887
213	141,2671	1,386878	4,66	1,386878	0,03146887
214	141,9359	1,394005	4,68	1,394005	0,03146887
215	142,5818	1,400365	4,7	1,400365	0,03146887
216	143,1452	1,406059	4,72	1,406059	0,03146887
217	143,6216	1,411654	4,74	1,411654	0,03146887
218	144,0476	1,417414	4,76	1,417414	0,03146887
219	144,3683	1,423342	4,78	1,423342	0,03146887
220	144,7118	1,429702	4,8	1,429702	0,03146887
221	145,1607	1,436362	4,82	1,436362	0,03146887
222	145,628	1,443322	4,84	1,443322	0,03146887
223	146,0906	1,450814	4,86	1,450814	0,03146887
224	146,6174	1,458706	4,88	1,458706	0,03146887
225	147,2083	1,466365	4,9	1,466365	0,03146887
226	147,7855	1,473858	4,92	1,473858	0,03146887
227	148,4039	1,480851	4,94	1,480851	0,03146887
228	148,9444	1,486978	4,96	1,486978	0,03146887
229	149,4071	1,492806	4,98	1,492806	0,03146887
230	149,7552	1,498633	5	1,498633	0,03146887
231	150,0942	1,504427	5,02	1,504427	0,03146887
232	150,369	1,510654	5,04	1,510654	0,03146887
233	150,7309	1,517148	5,06	1,517148	0,03146887
234	151,1065	1,523841	5,08	1,523841	0,03146887
235	151,473	1,530967	5,1	1,530967	0,03146887
236	151,9585	1,538527	5,12	1,538527	0,03146887
237	152,4395	1,546019	5,14	1,546019	0,03146887
238	152,948	1,553412	5,16	1,553412	0,03146887
239	153,461	1,560338	5,18	1,560338	0,03146887
240	153,9466	1,566399	5,2	1,566399	0,03146887
241	154,3268	1,57186	5,22	1,57186	0,03146887
242	154,6428	1,577121	5,24	1,577121	0,03146887
243	154,8719	1,582383	5,26	1,582383	0,03146887
244	155,1101	1,587777	5,28	1,587777	0,03146887
245	155,3162	1,593671	5,3	1,593671	0,03146887
246	155,5727	1,599898	5,32	1,599898	0,03146887
247	155,8842	1,606359	5,34	1,606359	0,03146887
248	156,2186	1,613352	5,36	1,613352	0,03146887
249	156,5942	1,620977	5,38	1,620977	0,03146887
250	157,034	1,628703	5,4	1,628703	0,03146887
251	157,5287	1,636495	5,42	1,636495	0,03146887
252	158,0555	1,643854	5,44	1,643854	0,03146887
253	158,5914	1,650215	5,46	1,650215	0,03146887
254	158,967	1,655942	5,48	1,655942	0,03146887
255	159,3106	1,66147	5,5	1,66147	0,03146887
256	159,4984	1,667065	5,52	1,667065	0,03146887
257	159,6999	1,673092	5,54	1,673092	0,03146887
258	159,9244	1,679552	5,56	1,679552	0,03146887
259	160,1901	1,686345	5,58	1,686345	0,03146887
260	160,5245	1,693272	5,6	1,693272	0,03146887
261	160,8864	1,700664	5,62	1,700664	0,03146887
262	161,294	1,70839	5,64	1,70839	0,03146887
263	161,7475	1,716049	5,66	1,716049	0,03146887
264	162,256	1,723508	5,68	1,723508	0,03146887
265	162,769	1,730301	5,7	1,730301	0,03146887
266	163,1355	1,736229	5,72	1,736229	0,03146887
267	163,447	1,74179	5,74	1,74179	0,03146887
268	163,7126	1,747484	5,76	1,747484	0,03146887
269	163,8775	1,753345	5,78	1,753345	0,03146887
270	164,0791	1,759672	5,8	1,759672	0,03146887
271	164,3494	1,766299	5,82	1,766299	0,03146887
272	164,6425	1,773225	5,84	1,773225	0,03146887
273	164,9815	1,780717	5,86	1,780717	0,03146887
274	165,3755	1,788743	5,88	1,788743	0,03146887
275	165,8564	1,796602	5,9	1,796602	0,03146887
276	166,3053	1,804294	5,92	1,804294	0,03146887
277	166,7726	1,811553	5,94	1,811553	0,03146887
278	167,2032	1,817847	5,96	1,817847	0,03146887
279	167,5055	1,823741	5,98	1,823741	0,03146887
280	167,8399	1,829569	6	1,829569	0,03146887
281	168,0414	1,835363	6,02	1,835363	0,03146887
282	168,1124	1,841423	6,04	1,841423	0,03146887
283	168,3483	1,84775	6,06	1,84775	0,03146887
284	168,5957	1,85441	6,08	1,85441	0,03146887
285	168,9072	1,861403	6,1	1,861403	0,03146887
286	169,2049	1,868929	6,12	1,868929	0,03146887
287	169,5393	1,876821	6,14	1,876821	0,03146887
288	169,9241	1,884647	6,16	1,884647	0,03146887
289	170,318	1,892239	6,18	1,892239	0,03146887
290	170,7624	1,898899	6,2	1,898899	0,03146887
291	171,1472	1,904793	6,22	1,904793	0,03146887
292	171,3762	1,910421	6,24	1,910421	0,03146887
293	171,5365	1,915982	6,26	1,915982	0,03146887
294	171,5961	1,921543	6,28	1,921543	0,03146887
295	171,7197	1,927704	6,3	1,927704	0,03146887
296	171,9763	1,934164	6,32	1,934164	0,03146887
297	172,1412	1,940957	6,34	1,940957	0,03146887
298	172,4069	1,948216	6,36	1,948216	0,03146887
299	172,7138	1,956075	6,38	1,956075	0,03146887
300	173,0115	1,963801	6,4	1,963801	0,03146887
301	173,3963	1,971426	6,42	1,971426	0,03146887
302	173,7627	1,978586	6,44	1,978586	0,03146887
303	174,0926	1,984713	6,46	1,984713	0,03146887
304	174,3307	1,990474	6,48	1,990474	0,03146887
305	174,514	1,996235	6,5	1,996235	0,03146887
306	174,5621	2,001963	6,52	2,001963	0,03146887
307	174,6606	2,00789	6,54	2,00789	0,03146887
308	174,7476	2,01425	6,56	2,01425	0,03146887
309	174,9537	2,020977	6,58	2,020977	0,03146887
310	175,1644	2,02797	6,6	2,02797	0,03146887
311	175,3614	2,035629	6,62	2,035629	0,03146887
312	175,6683	2,043654	6,64	2,043654	0,03146887
313	176,0073	2,05148	6,66	2,05148	0,03146887
314	176,3463	2,058906	6,68	2,058906	0,03146887
315	176,6395	2,065699	6,7	2,065699	0,03146887
316	176,8593	2,071693	6,72	2,071693	0,03146887
317	176,9166	2,07742	6,74	2,07742	0,03146887
318	177,0173	2,083248	6,76	2,083248	0,03146887
319	177,0907	2,089209	6,78	2,089209	0,03146887
320	177,1594	2,095602	6,8	2,095602	0,03146887
321	177,251	2,102362	6,82	2,102362	0,03146887
322	177,3563	2,109388	6,84	2,109388	0,03146887
323	177,5876	2,116881	6,86	2,116881	0,03146887
324	177,8075	2,12474	6,88	2,12474	0,03146887
325	178,032	2,132499	6,9	2,132499	0,03146887
326	178,2885	2,139958	6,92	2,139958	0,03146887
327	178,5313	2,146918	6,94	2,146918	0,03146887
328	178,7466	2,152911	6,96	2,152911	0,03146887
329	178,7924	2,158739	6,98	2,158739	0,03146887
330	178,845	2,1645	7	2,1645	0,03146887
331	178,8107	2,170294	7,02	2,170294	0,03146887
332	178,8153	2,176455	7,04	2,176455	0,03146887
333	178,8027	2,182882	7,06	2,182882	0,03146887
334	178,7993	2,189508	7,08	2,189508	0,03146887
335	178,8124	2,196535	7,1	2,196535	0,03146887
336	178,8977	2,203994	7,12	2,203994	0,03146887
337	178,9985	2,21142	7,14	2,21142	0,03146887
338	179,1451	2,218879	7,16	2,218879	0,03146887
339	179,2894	2,225872	7,18	2,225872	0,03146887
340	179,4291	2,232099	7,2	2,232099	0,03146887
341	179,5138	2,237693	7,22	2,237693	0,03146887
342	179,452	2,243121	7,24	2,243121	0,03146887
343	179,3604	2,248682	7,26	2,248682	0,03146887
344	179,2229	2,254277	7,28	2,254277	0,03146887
345	178,9756	2,260304	7,3	2,260304	0,03146887
346	178,9367	2,266831	7,32	2,266831	0,03146887
347	178,8474	2,273491	7,34	2,273491	0,03146887
348	178,7695	2,280584	7,36	2,280584	0,03146887
349	178,7397	2,288243	7,38	2,288243	0,03146887
350	178,7637	2,295868	7,4	2,295868	0,03146887
351	178,8221	2,303461	7,42	2,303461	0,03146887
352	178,8863	2,310687	7,44	2,310687	0,03146887
353	178,9413	2,317047	7,46	2,317047	0,03146887
354	178,9184	2,322875	7,48	2,322875	0,03146887
355	178,8519	2,328636	7,5	2,328636	0,03146887
356	178,5496	2,334397	7,52	2,334397	0,03146887
357	178,3435	2,34049	7,54	2,34049	0,03146887
358	178,1465	2,346917	7,56	2,346917	0,03146887
359	178,0892	2,353677	7,58	2,353677	0,03146887
360	177,835	2,360703	7,6	2,360703	0,03146887
361	177,78	2,368296	7,62	2,368296	0,03146887
362	177,6976	2,376088	7,64	2,376088	0,03146887
363	177,6197	2,383914	7,66	2,383914	0,03146887
364	177,5281	2,391373	7,68	2,391373	0,03146887
365	177,4227	2,398066	7,7	2,398066	0,03146887
366	176,8868	2,403994	7,72	2,403994	0,03146887
367	176,2134	2,409688	7,74	2,409688	0,03146887
368	175,5126	2,415282	7,76	2,415282	0,03146887
369	174,6652	2,420943	7,78	2,420943	0,03146887
370	173,8819	2,427104	7,8	2,427104	0,03146887
371	173,0527	2,433431	7,82	2,433431	0,03146887
372	172,1595	2,439958	7,84	2,439958	0,03146887
373	171,1884	2,446917	7,86	2,446917	0,03146887
374	170,1806	2,45441	7,88	2,45441	0,03146887
375	169,15	2,461869	7,9	2,461869	0,03146887
376	168,101	2,469361	7,92	2,469361	0,03146887
377	167,0108	2,476488	7,94	2,476488	0,03146887
378	165,8335	2,482848	7,96	2,482848	0,03146887
379	164,6196	2,488909	7,98	2,488909	0,03146887
380	163,3645	2,494803	8	2,494803	0,03146887
381	162,0224	2,500497	8,02	2,500497	0,03146887
382	160,639	2,506325	8,04	2,506325	0,03146887
383	159,3472	2,512385	8,06	2,512385	0,03146887
384	158,0921	2,518845	8,08	2,518845	0,03146887
385	156,8461	2,525805	8,1	2,525805	0,03146887
386	155,7147	2,533464	8,12	2,533464	0,03146887
387	154,5695	2,541423	8,14	2,541423	0,03146887
388	153,4427	2,549148	8,16	2,549148	0,03146887
389	152,2746	2,556641	8,18	2,556641	0,03146887
390	151,0515	2,5635	8,2	2,5635	0,03146887
391	149,7323	2,569661	8,22	2,569661	0,03146887
392	148,4176	2,575455	8,24	2,575455	0,03146887
393	147,0022	2,58115	8,26	2,58115	0,03146887
394	145,6051	2,586844	8,28	2,586844	0,03146887
395	144,2354	2,593071	8,3	2,593071	0,03146887
396	142,9528	2,599664	8,32	2,599664	0,03146887
397	141,7572	2,606491	8,34	2,606491	0,03146887
398	140,6441	2,61375	8,36	2,61375	0,03146887
399	139,7051	2,621509	8,38	2,621509	0,03146887
400	138,8302	2,629301	8,4	2,629301	0,03146887
401	137,9873	2,63706	8,42	2,63706	0,03146887
402	137,1353	2,644286	8,44	2,644286	0,03146887
403	136,2283	2,65058	8,46	2,65058	0,03146887
404	135,2847	2,656341	8,48	2,656341	0,03146887
405	134,2953	2,662102	8,5	2,662102	0,03146887
406	133,1776	2,66773	8,52	2,66773	0,03146887
407	132,0645	2,673657	8,54	2,673657	0,03146887
408	131,0292	2,679917	8,56	2,679917	0,03146887
409	129,9894	2,686477	8,58	2,686477	0,03146887
410	129,032	2,693404	8,6	2,693404	0,03146887
411	128,1159	2,70093	8,62	2,70093	0,03146887
412	127,2684	2,708655	8,64	2,708655	0,03146887
413	126,4897	2,716381	8,66	2,716381	0,03146887
414	125,6744	2,72374	8,68	2,72374	0,03146887
415	124,8269	2,730367	8,7	2,730367	0,03146887
416	123,9062	2,736194	8,72	2,736194	0,03146887
417	122,9488	2,741755	8,74	2,741755	0,03146887
418	121,8769	2,747383	8,76	2,747383	0,03146887
419	120,9012	2,753011	8,78	2,753011	0,03146887
420	119,9256	2,759071	8,8	2,759071	0,03146887
421	119,0231	2,765598	8,82	2,765598	0,03146887
422	118,2169	2,772425	8,84	2,772425	0,03146887
423	117,5115	2,779751	8,86	2,779751	0,03146887
424	116,8794	2,787576	8,88	2,787576	0,03146887
425	116,2839	2,795335	8,9	2,795335	0,03146887
426	115,7433	2,802961	8,92	2,802961	0,03146887
427	115,157	2,81012	8,94	2,81012	0,03146887
428	114,6028	2,816381	8,96	2,816381	0,03146887
429	113,9431	2,822142	8,98	2,822142	0,03146887
430	113,1369	2,827803	9	2,827803	0,03146887
431	112,3353	2,833464	9,02	2,833464	0,03146887
432	111,5474	2,839458	9,04	2,839458	0,03146887
433	110,7229	2,845818	9,06	2,845818	0,03146887
434	110,0037	2,852578	9,08	2,852578	0,03146887
435	109,3349	2,859538	9,1	2,859538	0,03146887
436	108,6799	2,86703	9,12	2,86703	0,03146887
437	107,9836	2,874656	9,14	2,874656	0,03146887
438	107,3286	2,882315	9,16	2,882315	0,03146887
439	106,6277	2,889774	9,18	2,889774	0,03146887
440	105,904	2,896534	9,2	2,896534	0,03146887
441	105,084	2,902494	9,22	2,902494	0,03146887
442	104,1633	2,908189	9,24	2,908189	0,03146887
443	103,1418	2,913983	9,26	2,913983	0,03146887
444	102,1203	2,919744	9,28	2,919744	0,03146887
445	101,1354	2,925971	9,3	2,925971	0,03146887
446	100,2605	2,932465	9,32	2,932465	0,03146887
447	99,3856	2,939191	9,34	2,939191	0,03146887
448	98,56565	2,946317	9,36	2,946317	0,03146887
449	97,86021	2,953976	9,38	2,953976	0,03146887
450	97,14104	2,961735	9,4	2,961735	0,03146887
451	96,44019	2,969527	9,42	2,969527	0,03146887
452	95,78973	2,976853	9,44	2,976853	0,03146887
453	95,03849	2,983214	9,46	2,983214	0,03146887
454	94,17274	2,989041	9,48	2,989041	0,03146887
455	93,22911	2,994835	9,5	2,994835	0,03146887
456	92,23967	3,000496	9,52	3,000496	0,03146887
457	91,18611	3,006624	9,54	3,006624	0,03146887
458	90,09589	3,013017	9,56	3,013017	0,03146887
459	89,05607	3,019711	9,58	3,019711	0,03146887
460	87,91547	3,026704	9,6	3,026704	0,03146887
461	86,25267	3,034329	9,62	3,034329	0,03146887
462	84,34709	3,042088	9,64	3,042088	0,03146887
463	82,95914	3,049714	9,66	3,049714	0,03146887
464	81,64905	3,05704	9,68	3,05704	0,03146887
465	80,49013	3,0637	9,7	3,0637	0,03146887
466	79,36327	3,069594	9,72	3,069594	0,03146887
467	78,25473	3,075288	9,74	3,075288	0,03146887
468	77,25156	3,080949	9,76	3,080949	0,03146887
469	76,23921	3,08661	9,78	3,08661	0,03146887
470	75,23145	3,092771	9,8	3,092771	0,03146887
471	74,34738	3,099264	9,82	3,099264	0,03146887
472	73,60072	3,105991	9,84	3,105991	0,03146887
473	72,87697	3,113084	9,86	3,113084	0,03146887
474	72,2265	3,120643	9,88	3,120643	0,03146887
475	71,64475	3,128268	9,9	3,128268	0,03146887
476	71,05384	3,135861	9,92	3,135861	0,03146887
477	70,38964	3,143054	9,94	3,143054	0,03146887
478	69,71169	3,149314	9,96	3,149314	0,03146887
479	68,95129	3,155042	9,98	3,155042	0,03146887
480	68,12218	3,160769	10	3,160769	0,03146887
481	67,22436	3,16653	10,02	3,16653	0,03146887
482	66,25783	3,172491	10,04	3,172491	0,03146887
483	65,1722	3,178818	10,06	3,178818	0,03146887
484	64,14153	3,185511	10,08	3,185511	0,03146887
485	63,04674	3,192438	10,1	3,192438	0,03146887
486	62,0115	3,199997	10,12	3,199997	0,03146887
487	61,11826	3,207822	10,14	3,207822	0,03146887
488	60,3716	3,215514	10,16	3,215514	0,03146887
489	59,60662	3,222974	10,18	3,222974	0,03146887
490	58,8737	3,2299	10,2	3,2299	0,03146887
491	58,12705	3,235961	10,22	3,235961	0,03146887
492	57,18342	3,241688	10,24	3,241688	0,03146887
493	56,07947	3,247516	10,26	3,247516	0,03146887
494	54,27008	3,253476	10,28	3,253476	0,03146887
495	51,63617	3,25997	10,3	3,25997	0,03146887
496	50,06498	3,26683	10,32	3,26683	0,03146887
497	49,50155	3,273823	10,34	3,273823	0,03146887
498	49,19923	3,281282	10,36	3,281282	0,03146887
499	48,98851	3,289174	10,38	3,289174	0,03146887
500	48,78238	3,296966	10,4	3,296966	0,03146887
501	48,71825	3,304559	10,42	3,304559	0,03146887
502	48,60373	3,311618	10,44	3,311618	0,03146887
503	48,39302	3,317745	10,46	3,317745	0,03146887
504	48,15024	3,323506	10,48	3,323506	0,03146887
505	47,87998	3,329201	10,5	3,329201	0,03146887
506	47,60056	3,334962	10,52	3,334962	0,03146887
507	47,34861	3,341055	10,54	3,341055	0,03146887
508	47,14706	3,347516	10,56	3,347516	0,03146887
509	46,973	3,354409	10,58	3,354409	0,03146887
510	46,8997	3,361535	10,6	3,361535	0,03146887
511	46,7577	3,369161	10,62	3,369161	0,03146887
512	46,65234	3,37692	10,64	3,37692	0,03146887
513	46,58593	3,384512	10,66	3,384512	0,03146887
514	46,50118	3,391771	10,68	3,391771	0,03146887
515	46,37751	3,398398	10,7	3,398398	0,03146887
516	46,12098	3,404359	10,72	3,404359	0,03146887
517	45,91027	3,41002	10,74	3,41002	0,03146887
518	45,62168	3,415781	10,76	3,415781	0,03146887
519	45,29645	3,421775	10,78	3,421775	0,03146887
520	45,00787	3,428202	10,8	3,428202	0,03146887
521	44,82922	3,434995	10,82	3,434995	0,03146887
522	44,58644	3,441854	10,84	3,441854	0,03146887
523	44,17418	3,449281	10,86	3,449281	0,03146887
524	43,10687	3,457206	10,88	3,457206	0,03146887
525	42,37854	3,464865	10,9	3,464865	0,03146887
526	42,21363	3,472224	10,92	3,472224	0,03146887
527	42,04414	3,479084	10,94	3,479084	0,03146887
528	41,81969	3,485078	10,96	3,485078	0,03146887
529	41,53568	3,490806	10,98	3,490806	0,03146887
530	41,28374	3,496567	11	3,496567	0,03146887
531	40,98141	3,502327	11,02	3,502327	0,03146887
532	40,67908	3,508455	11,04	3,508455	0,03146887
533	40,44089	3,514881	11,06	3,514881	0,03146887
534	40,23933	3,521641	11,08	3,521641	0,03146887
535	40,05153	3,528668	11,1	3,528668	0,03146887
536	39,8683	3,536293	11,12	3,536293	0,03146887
537	39,65759	3,544019	11,14	3,544019	0,03146887
538	39,57971	3,551611	11,16	3,551611	0,03146887
539	39,42397	3,558904	11,18	3,558904	0,03146887
540	39,13081	3,565398	11,2	3,565398	0,03146887
541	38,88345	3,571258	11,22	3,571258	0,03146887
542	38,56737	3,576886	11,24	3,576886	0,03146887
543	38,2513	3,582547	11,26	3,582547	0,03146887
544	37,87569	3,588441	11,28	3,588441	0,03146887
545	37,56878	3,594835	11,3	3,594835	0,03146887
546	37,32142	3,601661	11,32	3,601661	0,03146887
547	37,11528	3,608621	11,34	3,608621	0,03146887
548	36,83586	3,616213	11,36	3,616213	0,03146887
549	36,6114	3,624239	11,38	3,624239	0,03146887
550	36,41444	3,632031	11,4	3,632031	0,03146887
551	36,23579	3,63949	11,42	3,63949	0,03146887
552	36,06172	3,646283	11,44	3,646283	0,03146887
553	35,80062	3,652244	11,46	3,652244	0,03146887
554	35,43416	3,657838	11,48	3,657838	0,03146887
555	35,11351	3,663466	11,5	3,663466	0,03146887
556	34,84325	3,669427	11,52	3,669427	0,03146887
557	34,48595	3,675754	11,54	3,675754	0,03146887
558	34,20195	3,682414	11,56	3,682414	0,03146887
559	33,87214	3,68954	11,58	3,68954	0,03146887
560	33,62936	3,697066	11,6	3,697066	0,03146887
561	33,41864	3,705091	11,62	3,705091	0,03146887
562	33,20793	3,712983	11,64	3,712983	0,03146887
563	33,01554	3,720576	11,66	3,720576	0,03146887
564	32,93767	3,727502	11,68	3,727502	0,03146887
565	32,68115	3,733496	11,7	3,733496	0,03146887
566	32,35134	3,739124	11,72	3,739124	0,03146887
567	32,09482	3,744718	11,74	3,744718	0,03146887
568	31,79249	3,750313	11,76	3,750313	0,03146887
569	31,5039	3,756207	11,78	3,756207	0,03146887
570	31,22906	3,762467	11,8	3,762467	0,03146887
571	31,01835	3,769094	11,82	3,769094	0,03146887
572	30,74809	3,775954	11,84	3,775954	0,03146887
573	30,55569	3,78318	11,86	3,78318	0,03146887
574	30,36788	3,790506	11,88	3,790506	0,03146887
575	30,14801	3,797798	11,9	3,797798	0,03146887
576	29,94188	3,804891	11,92	3,804891	0,03146887
577	29,68078	3,811551	11,94	3,811551	0,03146887
578	29,37845	3,817379	11,96	3,817379	0,03146887
579	29,09903	3,82294	11,98	3,82294	0,03146887
580	28,70966	3,828534	12	3,828534	0,03146887
581	28,34779	3,834129	12,02	3,834129	0,03146887
582	27,95384	3,840122	12,04	3,840122	0,03146887
583	27,61029	3,846516	12,06	3,846516	0,03146887
584	27,30796	3,853243	12,08	3,853243	0,03146887
585	27,00105	3,860302	12,1	3,860302	0,03146887
586	26,73079	3,867961	12,12	3,867961	0,03146887
587	26,40098	3,875854	12,14	3,875854	0,03146887
588	26,10323	3,883779	12,16	3,883779	0,03146887
589	25,84213	3,891171	12,18	3,891171	0,03146887
590	25,52606	3,897632	12,2	3,897632	0,03146887
591	25,15502	3,903526	12,22	3,903526	0,03146887
592	24,72902	3,909253	12,24	3,909253	0,03146887
593	24,26637	3,914881	12,26	3,914881	0,03146887
594	23,86784	3,920675	12,28	3,920675	0,03146887
595	23,43267	3,926902	12,3	3,926902	0,03146887
596	22,98834	3,933529	12,32	3,933529	0,03146887
597	22,62647	3,940322	12,34	3,940322	0,03146887
598	22,22794	3,947548	12,36	3,947548	0,03146887
599	21,81568	3,955041	12,38	3,955041	0,03146887
600	21,38967	3,9625	12,4	3,9625	0,03146887
601	20,99115	3,969859	12,42	3,969859	0,03146887
602	20,59721	3,976819	12,44	3,976819	0,03146887
603	20,21243	3,98298	12,46	3,98298	0,03146887
604	19,75436	3,988674	12,48	3,988674	0,03146887
605	19,23674	3,994335	12,5	3,994335	0,03146887
606	18,72828	4,000029	12,52	4,000029	0,03146887
607	18,25646	4,00609	12,54	4,00609	0,03146887
608	17,78923	4,01255	12,56	4,01255	0,03146887
609	17,35406	4,019277	12,58	4,019277	0,03146887
610	16,97386	4,026269	12,6	4,026269	0,03146887
611	16,57534	4,033795	12,62	4,033795	0,03146887
612	16,13101	4,041621	12,64	4,041621	0,03146887
613	15,79661	4,049447	12,66	4,049447	0,03146887
614	15,43474	4,056839	12,68	4,056839	0,03146887
615	15,0637	4,063299	12,7	4,063299	0,03146887
616	14,60105	4,06916	12,72	4,06916	0,03146887
617	14,13839	4,074788	12,74	4,074788	0,03146887
618	13,70781	4,080482	12,76	4,080482	0,03146887
619	13,24057	4,08641	12,78	4,08641	0,03146887
620	12,78708	4,092836	12,8	4,092836	0,03146887
621	12,36107	4,099629	12,82	4,099629	0,03146887
622	11,96255	4,106656	12,84	4,106656	0,03146887
623	11,59609	4,114182	12,86	4,114182	0,03146887
624	11,24796	4,121941	12,88	4,121941	0,03146887
625	10,83111	4,129499	12,9	4,129499	0,03146887
626	10,44175	4,136992	12,92	4,136992	0,03146887
627	10,02033	4,143985	12,94	4,143985	0,03146887
628	9,566833	4,150012	12,96	4,150012	0,03146887
629	9,062955	4,15564	12,98	4,15564	0,03146887
630	8,572818	4,161201	13	4,161201	0,03146887
631	8,110165	4,166696	13,02	4,166696	0,03146887
632	7,661254	4,17259	13,04	4,17259	0,03146887
633	7,161956	4,178817	13,06	4,178817	0,03146887
634	6,703884	4,18551	13,08	4,18551	0,03146887
635	6,277877	4,192603	13,1	4,192603	0,03146887
636	5,806063	4,200329	13,12	4,200329	0,03146887
637	5,34341	4,208287	13,14	4,208287	0,03146887
638	4,908242	4,216213	13,16	4,216213	0,03146887
639	4,528042	4,223872	13,18	4,223872	0,03146887
640	4,074551	4,230765	13,2	4,230765	0,03146887
641	3,708093	4,236925	13,22	4,236925	0,03146887
642	3,410346	4,242886	13,24	4,242886	0,03146887
643	3,11718	4,24888	13,26	4,24888	0,03146887
644	2,938532	4,254974	13,28	4,254974	0,03146887
645	2,874402	4,261368	13,3	4,261368	0,03146887
646	2,73698	4,268127	13,32	4,268127	0,03146887
647	2,620172	4,27522	13,34	4,27522	0,03146887
648	2,530848	4,282879	13,36	4,282879	0,03146887
649	2,455266	4,290838	13,38	4,290838	0,03146887
650	2,391136	4,298697	13,4	4,298697	0,03146887
651	2,3522	4,306089	13,42	4,306089	0,03146887
652	2,353345	4,312749	13,44	4,312749	0,03146887
653	2,265166	4,31871	13,46	4,31871	0,03146887
654	2,221649	4,324371	13,48	4,324371	0,03146887
655	2,175842	4,330065	13,5	4,330065	0,03146887
656	2,109422	4,335926	13,52	4,335926	0,03146887
657	2,031549	4,342353	13,54	4,342353	0,03146887
658	2,001775	4,34918	13,56	4,34918	0,03146887
659	2,007501	4,356339	13,58	4,356339	0,03146887
660	1,977726	4,363898	13,6	4,363898	0,03146887
661	1,959403	4,371757	13,62	4,371757	0,03146887
662	1,944516	4,379383	13,64	4,379383	0,03146887
663	1,94108	4,386542	13,66	4,386542	0,03146887
664	1,960548	4,393036	13,68	4,393036	0,03146887
665	1,948524	4,398763	13,7	4,398763	0,03146887
666	1,871224	4,404158	13,72	4,404158	0,03146887
667	1,834578	4,409719	13,74	4,409719	0,03146887
668	1,844885	4,41518	13,76	4,41518	0,03146887
669	1,821982	4,420875	13,78	4,420875	0,03146887
670	1,802513	4,426802	13,8	4,426802	0,03146887
671	1,786481	4,433129	13,82	4,433129	0,03146887
672	1,771594	4,439755	13,84	4,439755	0,03146887
673	1,757851	4,446882	13,86	4,446882	0,03146887
674	1,785336	4,454507	13,88	4,454507	0,03146887
675	1,777892	4,462067	13,9	4,462067	0,03146887
676	1,775029	4,469426	13,92	4,469426	0,03146887
677	1,770448	4,476219	13,94	4,476219	0,03146887
678	1,769876	4,48218	13,96	4,48218	0,03146887
679	1,769876	4,487708	13,98	4,487708	0,03146887
680	1,768158	4,493369	14	4,493369	0,03146887
681	1,734948	4,499263	14,02	4,499263	0,03146887
682	1,71777	4,50579	14,04	4,50579	0,03146887
683	1,692576	4,512616	14,06	4,512616	0,03146887
684	1,673108	4,519742	14,08	4,519742	0,03146887
685	1,662802	4,527135	14,1	4,527135	0,03146887
686	1,65593	4,534994	14,12	4,534994	0,03146887
687	1,673108	4,542953	14,14	4,542953	0,03146887
688	1,667955	4,550878	14,16	4,550878	0,03146887
689	1,672536	4,558204	14,18	4,558204	0,03146887
690	1,673108	4,564631	14,2	4,564631	0,03146887
691	1,67139	4,570625	14,22	4,570625	0,03146887
692	1,666237	4,576385	14,24	4,576385	0,03146887
693	1,635317	4,582147	14,26	4,582147	0,03146887
694	1,602107	4,588174	14,28	4,588174	0,03146887
695	1,578058	4,594501	14,3	4,594501	0,03146887
696	1,568897	4,601261	14,32	4,601261	0,03146887
697	1,564316	4,608253	14,34	4,608253	0,03146887
698	1,559735	4,615846	14,36	4,615846	0,03146887
699	1,567752	4,623738	14,38	4,623738	0,03146887
700	1,558017	4,631564	14,4	4,631564	0,03146887
701	1,552864	4,638989	14,42	4,638989	0,03146887
702	1,554009	4,645649	14,44	4,645649	0,03146887
703	1,554582	4,651477	14,46	4,651477	0,03146887
704	1,548856	4,657072	14,48	4,657072	0,03146887
705	1,544275	4,662632	14,5	4,662632	0,03146887
706	1,539695	4,66826	14,52	4,66826	0,03146887
707	1,532823	4,674454	14,54	4,674454	0,03146887
708	1,503621	4,680981	14,56	4,680981	0,03146887
709	1,486444	4,687941	14,58	4,687941	0,03146887
710	1,479573	4,695267	14,6	4,695267	0,03146887
711	1,49446	4,702992	14,62	4,702992	0,03146887
712	1,491597	4,710751	14,64	4,710751	0,03146887
713	1,487016	4,71831	14,66	4,71831	0,03146887
714	1,482436	4,72537	14,68	4,72537	0,03146887
715	1,474992	4,731564	14,7	4,731564	0,03146887
716	1,470984	4,737258	14,72	4,737258	0,03146887
717	1,444072	4,742952	14,74	4,742952	0,03146887
718	1,43262	4,748713	14,76	4,748713	0,03146887
719	1,433765	4,754474	14,78	4,754474	0,03146887
720	1,415442	4,760535	14,8	4,760535	0,03146887
721	1,426322	4,766728	14,82	4,766728	0,03146887
722	1,413152	4,772955	14,84	4,772955	0,03146887
723	1,373071	4,779549	14,86	4,779549	0,03146887
724	1,397692	4,786376	14,88	4,786376	0,03146887
725	1,395402	4,793135	14,9	4,793135	0,03146887
726	1,390249	4,800128	14,92	4,800128	0,03146887
727	1,38166	4,807088	14,94	4,807088	0,03146887
728	1,373071	4,813648	14,96	4,813648	0,03146887
729	1,371353	4,819775	14,98	4,819775	0,03146887
730	1,370208	4,825802	15	4,825802	0,03146887
731	1,346732	4,83173	15,02	4,83173	0,03146887
732	1,358184	4,837957	15,04	4,837957	0,03146887
733	1,342151	4,84445	15,06	4,84445	0,03146887
734	1,303215	4,851277	15,08	4,851277	0,03146887
735	1,291763	4,858203	15,1	4,858203	0,03146887
736	1,295199	4,865629	15,12	4,865629	0,03146887
737	1,318675	4,873288	15,14	4,873288	0,03146887
738	1,314094	4,880947	15,16	4,880947	0,03146887
739	1,311231	4,888273	15,18	4,888273	0,03146887
740	1,307223	4,894933	15,2	4,894933	0,03146887
741	1,310086	4,900827	15,22	4,900827	0,03146887
742	1,314094	4,906455	15,24	4,906455	0,03146887
743	1,313522	4,911983	15,26	4,911983	0,03146887
744	1,305505	4,917611	15,28	4,917611	0,03146887
745	1,296344	4,923738	15,3	4,923738	0,03146887
746	1,284892	4,930264	15,32	4,930264	0,03146887
747	1,276876	4,937324	15,34	4,937324	0,03146887
748	1,274013	4,94465	15,36	4,94465	0,03146887
749	1,24252	4,952376	15,38	4,952376	0,03146887
750	1,257408	4,960168	15,4	4,960168	0,03146887
751	1,254545	4,967894	15,42	4,967894	0,03146887
752	1,249964	4,975086	15,44	4,975086	0,03146887
753	1,248246	4,981413	15,46	4,981413	0,03146887
754	1,252254	4,986908	15,48	4,986908	0,03146887
755	1,245956	4,992203	15,5	4,992203	0,03146887
756	1,231069	4,997597	15,52	4,997597	0,03146887
757	1,149761	5,003292	15,54	5,003292	0,03146887
758	1,168084	5,009552	15,56	5,009552	0,03146887
759	1,155487	5,016345	15,58	5,016345	0,03146887
760	1,148616	5,023371	15,6	5,023371	0,03146887
761	1,14289	5,030697	15,62	5,030697	0,03146887
762	1,156632	5,038323	15,64	5,038323	0,03146887
763	1,149188	5,045783	15,66	5,045783	0,03146887
764	1,153196	5,053208	15,68	5,053208	0,03146887
765	1,161213	5,060235	15,7	5,060235	0,03146887
766	1,163503	5,066329	15,72	5,066329	0,03146887
767	1,193278	5,07199	15,74	5,07199	0,03146887
768	1,170374	5,07755	15,76	5,07755	0,03146887
769	1,168084	5,083145	15,78	5,083145	0,03146887
770	1,062727	5,089239	15,8	5,089239	0,03146887
771	1,042114	5,095699	15,82	5,095699	0,03146887
772	1,066163	5,102559	15,84	5,102559	0,03146887
773	1,070743	5,109619	15,86	5,109619	0,03146887
774	1,104526	5,117011	15,88	5,117011	0,03146887
775	1,098228	5,12447	15,9	5,12447	0,03146887
776	1,124567	5,131963	15,92	5,131963	0,03146887
777	1,11197	5,139089	15,94	5,139089	0,03146887
778	1,100518	5,145549	15,96	5,145549	0,03146887
779	1,104526	5,15141	15,98	5,15141	0,03146887
780	1,106244	5,157104	16	5,157104	0,03146887
781	1,099945	5,162765	16,02	5,162765	0,03146887
782	1,061582	5,168693	16,04	5,168693	0,03146887
783	0,9917259	5,174986	16,06	5,174986	0,03146887
784	1,023791	5,181646	16,08	5,181646	0,03146887
785	1,01692	5,188473	16,1	5,188473	0,03146887
786	1,047267	5,195932	16,12	5,195932	0,03146887
787	1,038106	5,203958	16,14	5,203958	0,03146887
788	1,027799	5,211683	16,16	5,211683	0,03146887
789	1,022646	5,219475	16,18	5,219475	0,03146887
790	1,027799	5,226834	16,2	5,226834	0,03146887
791	1,031807	5,233261	16,22	5,233261	0,03146887
792	1,03238	5,239289	16,24	5,239289	0,03146887
793	1,026081	5,245183	16,26	5,245183	0,03146887
794	1,018638	5,251043	16,28	5,251043	0,03146887
795	1,01921	5,257337	16,3	5,257337	0,03146887
796	1,018065	5,263897	16,32	5,263897	0,03146887
797	1,013484	5,270957	16,34	5,270957	0,03146887
798	1,004323	5,278583	16,36	5,278583	0,03146887
799	0,9980244	5,287141	16,38	5,287141	0,03146887
800	0,9905808	5,295765	16,4	5,295765	0,03146887
801	0,988863	5,303957	16,42	5,303957	0,03146887
802	0,9922985	5,31135	16,44	5,31135	0,03146887
803	0,9894356	5,317644	16,46	5,317644	0,03146887
804	0,988863	5,323404	16,48	5,323404	0,03146887
805	0,9894356	5,329065	16,5	5,329065	0,03146887
806	0,9900081	5,33496	16,52	5,33496	0,03146887
807	0,986	5,341353	16,54	5,341353	0,03146887
808	0,9596609	5,348046	16,56	5,348046	0,03146887
809	0,9401928	5,354906	16,58	5,354906	0,03146887
810	0,928741	5,362199	16,6	5,362199	0,03146887
811	0,9264507	5,369925	16,62	5,369925	0,03146887
812	0,9430558	5,377684	16,64	5,377684	0,03146887
813	0,9333218	5,385176	16,66	5,385176	0,03146887
814	0,9241603	5,392202	16,68	5,392202	0,03146887
815	0,9149989	5,398429	16,7	5,398429	0,03146887
816	0,9087003	5,404223	16,72	5,404223	0,03146887
817	0,9087003	5,410017	16,74	5,410017	0,03146887
818	0,9029744	5,415912	16,76	5,415912	0,03146887
819	0,8892323	5,422072	16,78	5,422072	0,03146887
820	0,8783531	5,428499	16,8	5,428499	0,03146887
821	0,8726272	5,435359	16,82	5,435359	0,03146887
822	0,8709095	5,442385	16,84	5,442385	0,03146887
823	0,8697643	5,449978	16,86	5,449978	0,03146887
824	0,8674739	5,457736	16,88	5,457736	0,03146887
825	0,8640383	5,465296	16,9	5,465296	0,03146887
826	0,8669013	5,472555	16,92	5,472555	0,03146887
827	0,874345	5,479148	16,94	5,479148	0,03146887
828	0,8806434	5,485109	16,96	5,485109	0,03146887
829	0,8835064	5,490903	16,98	5,490903	0,03146887
830	0,884079	5,496764	17	5,496764	0,03146887
831	0,8823612	5,502758	17,02	5,502758	0,03146887
832	0,8777806	5,509185	17,04	5,509185	0,03146887
833	0,8531592	5,515812	17,06	5,515812	0,03146887
834	0,8439977	5,522572	17,08	5,522572	0,03146887
835	0,8623205	5,529864	17,1	5,529864	0,03146887
836	0,8537318	5,53759	17,12	5,53759	0,03146887
837	0,8548769	5,545249	17,14	5,545249	0,03146887
838	0,8525865	5,552742	17,16	5,552742	0,03146887
839	0,8525865	5,559701	17,18	5,559701	0,03146887
840	0,8594576	5,565828	17,2	5,565828	0,03146887
841	0,8623205	5,571623	17,22	5,571623	0,03146887
842	0,8611754	5,57725	17,24	5,57725	0,03146887
843	0,8594576	5,582944	17,26	5,582944	0,03146887
844	0,8606028	5,588939	17,28	5,588939	0,03146887
845	0,8543043	5,595232	17,3	5,595232	0,03146887
846	0,8497236	5,601959	17,32	5,601959	0,03146887
847	0,8417073	5,609052	17,34	5,609052	0,03146887
848	0,8336911	5,616744	17,36	5,616744	0,03146887
849	0,8308281	5,624636	17,38	5,624636	0,03146887
850	0,8296829	5,632329	17,4	5,632329	0,03146887
851	0,8245296	5,639588	17,42	5,639588	0,03146887
852	0,8233845	5,646115	17,44	5,646115	0,03146887
853	0,8256748	5,651942	17,46	5,651942	0,03146887
854	0,8308281	5,65757	17,48	5,65757	0,03146887
855	0,8359814	5,663264	17,5	5,663264	0,03146887
856	0,8319733	5,669125	17,52	5,669125	0,03146887
857	0,8245296	5,675352	17,54	5,675352	0,03146887
858	0,8239571	5,681979	17,56	5,681979	0,03146887
859	0,7981905	5,688905	17,58	5,688905	0,03146887
860	0,7936098	5,696331	17,6	5,696331	0,03146887
861	0,8056342	5,704156	17,62	5,704156	0,03146887
862	0,7970453	5,711849	17,64	5,711849	0,03146887
863	0,7953275	5,719308	17,66	5,719308	0,03146887
864	0,7976179	5,726268	17,68	5,726268	0,03146887
865	0,7987631	5,732262	17,7	5,732262	0,03146887
866	0,7987631	5,737923	17,72	5,737923	0,03146887
867	0,8010534	5,743617	17,74	5,743617	0,03146887
868	0,8033438	5,749378	17,76	5,749378	0,03146887
869	0,8039164	5,755538	17,78	5,755538	0,03146887
870	0,7930372	5,761999	17,8	5,761999	0,03146887
871	0,756964	5,768858	17,82	5,768858	0,03146887
872	0,7466574	5,776084	17,84	5,776084	0,03146887
873	0,7397863	5,783743	17,86	5,783743	0,03146887
874	0,7661255	5,791436	17,88	5,791436	0,03146887
875	0,759827	5,799028	17,9	5,799028	0,03146887
876	0,7581092	5,806155	17,92	5,806155	0,03146887
877	0,7552463	5,812615	17,94	5,812615	0,03146887
878	0,7661254	5,818442	17,96	5,818442	0,03146887
879	0,7724239	5,824103	17,98	5,824103	0,03146887
880	0,7729965	5,829831	18	5,829831	0,03146887
881	0,7724239	5,835758	18,02	5,835758	0,03146887
882	0,7672706	5,842085	18,04	5,842085	0,03146887
883	0,7666981	5,848779	18,06	5,848779	0,03146887
884	0,7615447	5,855772	18,08	5,855772	0,03146887
885	0,7575366	5,863331	18,1	5,863331	0,03146887
886	0,7546736	5,871256	18,12	5,871256	0,03146887
887	0,754101	5,879181	18,14	5,879181	0,03146887
888	0,7535285	5,886774	18,16	5,886774	0,03146887
889	0,7535285	5,893667	18,18	5,893667	0,03146887
890	0,7518107	5,899761	18,2	5,899761	0,03146887
891	0,7489477	5,905455	18,22	5,905455	0,03146887
892	0,7472299	5,911049	18,24	5,911049	0,03146887
893	0,7214634	5,91671	18,26	5,91671	0,03146887
894	0,7397863	5,922904	18,28	5,922904	0,03146887
895	0,7352056	5,929431	18,3	5,929431	0,03146887
896	0,7283345	5,936224	18,32	5,936224	0,03146887
897	0,7140198	5,94335	18,34	5,94335	0,03146887
898	0,709439	5,950777	18,36	5,950777	0,03146887
899	0,6825274	5,958269	18,38	5,958269	0,03146887
900	0,7054309	5,965462	18,4	5,965462	0,03146887
901	0,7054309	5,971922	18,42	5,971922	0,03146887
902	0,6991324	5,977583	18,44	5,977583	0,03146887
903	0,689971	5,982645	18,46	5,982645	0,03146887
904	0,6848177	5,987606	18,48	5,987606	0,03146887
905	0,6916888	5,992734	18,5	5,992734	0,03146887
906	0,6888258	5,997929	18,52	5,997929	0,03146887
907	0,6813821	6,003657	18,54	6,003657	0,03146887
908	0,6664948	6,009784	18,56	6,009784	0,03146887
909	0,6344298	6,016244	18,58	6,016244	0,03146887
910	0,6561882	6,023137	18,6	6,023137	0,03146887
911	0,6579059	6,030597	18,62	6,030597	0,03146887
912	0,6630592	6,038755	18,64	6,038755	0,03146887
913	0,6939791	6,047147	18,66	6,047147	0,03146887
914	0,7008502	6,055039	18,68	6,055039	0,03146887
915	0,7054309	6,062099	18,7	6,062099	0,03146887
916	0,6893983	6,068359	18,72	6,068359	0,03146887
917	0,6985598	6,074386	18,74	6,074386	0,03146887
918	0,7008502	6,08028	18,76	6,08028	0,03146887
919	0,6985598	6,086407	18,78	6,086407	0,03146887
920	0,6939791	6,092834	18,8	6,092834	0,03146887
921	0,6853902	6,099561	18,82	6,099561	0,03146887
922	0,6458815	6,106587	18,84	6,106587	0,03146887
923	0,6481719	6,114113	18,86	6,114113	0,03146887
924	0,6699303	6,121872	18,88	6,121872	0,03146887
925	0,6676399	6,129564	18,9	6,129564	0,03146887
926	0,6630592	6,136857	18,92	6,136857	0,03146887
927	0,6624867	6,143484	18,94	6,143484	0,03146887
928	0,6636318	6,149378	18,96	6,149378	0,03146887
929	0,664777	6,155005	18,98	6,155005	0,03146887
930	0,6624867	6,160666	19	6,160666	0,03146887
931	0,6206875	6,166527	19,02	6,166527	0,03146887
932	0,5954936	6,172754	19,04	6,172754	0,03146887
933	0,5771707	6,179281	19,06	6,179281	0,03146887
934	0,5702997	6,186041	19,08	6,186041	0,03146887
935	0,6017921	6,193201	19,1	6,193201	0,03146887
936	0,5972114	6,200926	19,12	6,200926	0,03146887
937	0,5932032	6,208652	19,14	6,208652	0,03146887
938	0,6309942	6,216344	19,16	6,216344	0,03146887
939	0,6344298	6,223504	19,18	6,223504	0,03146887
940	0,607518	6,229897	19,2	6,229897	0,03146887
941	0,6092358	6,235791	19,22	6,235791	0,03146887
942	0,6155342	6,241518	19,24	6,241518	0,03146887
943	0,6155342	6,247246	19,26	6,247246	0,03146887
944	0,610381	6,253307	19,28	6,253307	0,03146887
945	0,5989291	6,259767	19,3	6,259767	0,03146887
946	0,5840418	6,266394	19,32	6,266394	0,03146887
947	0,5508316	6,273387	19,34	6,273387	0,03146887
948	0,5347991	6,280912	19,36	6,280912	0,03146887
949	0,5370895	6,288838	19,38	6,288838	0,03146887
950	0,5502591	6,29673	19,4	6,29673	0,03146887
951	0,5365168	6,304223	19,42	6,304223	0,03146887
952	0,5244924	6,310849	19,44	6,310849	0,03146887
953	0,5227747	6,316777	19,46	6,316777	0,03146887
954	0,5130407	6,322338	19,48	6,322338	0,03146887
955	0,5027341	6,327832	19,5	6,327832	0,03146887
956	0,4741046	6,333493	19,52	6,333493	0,03146887
957	0,4534913	6,339621	19,54	6,339621	0,03146887
958	0,4408943	6,346081	19,56	6,346081	0,03146887
959	0,4282973	6,35284	19,58	6,35284	0,03146887
960	0,4248618	6,360034	19,6	6,360034	0,03146887
961	0,4386039	6,367692	19,62	6,367692	0,03146887
962	0,4300151	6,375218	19,64	6,375218	0,03146887
963	0,4202811	6,38271	19,66	6,38271	0,03146887
964	0,4116922	6,389771	19,68	6,389771	0,03146887
965	0,4076841	6,396031	19,7	6,396031	0,03146887
966	0,4059663	6,401758	19,72	6,401758	0,03146887
967	0,4002404	6,407419	19,74	6,407419	0,03146887
968	0,388216	6,413247	19,76	6,413247	0,03146887
969	0,3790546	6,419208	19,78	6,419208	0,03146887
970	0,375619	6,425601	19,8	6,425601	0,03146887
971	0,3727561	6,432328	19,82	6,432328	0,03146887
972	0,3698931	6,439121	19,84	6,439121	0,03146887
973	0,3607317	6,446447	19,86	6,446447	0,03146887
974	0,3515702	6,454239	19,88	6,454239	0,03146887
975	0,3527155	6,461965	19,9	6,461965	0,03146887
976	0,3550058	6,46939	19,92	6,46939	0,03146887
977	0,356151	6,476317	19,94	6,476317	0,03146887
978	0,3550058	6,482378	19,96	6,482378	0,03146887
979	0,3521428	6,488172	19,98	6,488172	0,03146887
980	0,3446992	6,494032	20	6,494032	0,03146887
981	0,3418362	6,50006	20,02	6,50006	0,03146887
982	0,3172149	6,50642	20,04	6,50642	0,03146887
983	0,3011823	6,513047	20,06	6,513047	0,03146887
984	0,298892	6,51994	20,08	6,51994	0,03146887
985	0,308626	6,527233	20,1	6,527233	0,03146887
986	0,3063357	6,535058	20,12	6,535058	0,03146887
987	0,3046179	6,54285	20,14	6,54285	0,03146887
988	0,3046179	6,550476	20,16	6,550476	0,03146887
989	0,3074808	6,557636	20,18	6,557636	0,03146887
990	0,3057631	6,563962	20,2	6,563962	0,03146887
991	0,3063357	6,56979	20,22	6,56979	0,03146887
992	0,3011823	6,575518	20,24	6,575518	0,03146887
993	0,2748432	6,581145	20,26	6,581145	0,03146887
994	0,2599559	6,587006	20,28	6,587006	0,03146887
995	0,2530848	6,593167	20,3	6,593167	0,03146887
996	0,2519396	6,59966	20,32	6,59966	0,03146887
997	0,2622462	6,606453	20,34	6,606453	0,03146887
998	0,2565203	6,613979	20,36	6,613979	0,03146887
999	0,2525122	6,621738	20,38	6,621738	0,03146887
1000	0,2485041	6,629364	20,4	6,629364	0,03146887
1001	0,2410604	6,636557	20,42	6,636557	0,03146887
1002	0,2410604	6,643183	20,44	6,643183	0,03146887
1003	0,2393426	6,648977	20,46	6,648977	0,03146887
1004	0,2341893	6,654539	20,48	6,654539	0,03146887
1005	0,2238827	6,660033	20,5	6,660033	0,03146887
1006	0,2107131	6,665661	20,52	6,665661	0,03146887
1007	0,1763577	6,671721	20,54	6,671721	0,03146887
1008	0,1706318	6,678315	20,56	6,678315	0,03146887
1009	0,1975436	6,685208	20,58	6,685208	0,03146887
1010	0,1900999	6,692501	20,6	6,692501	0,03146887
1011	0,1872369	6,700326	20,62	6,700326	0,03146887
1012	0,1820836	6,708052	20,64	6,708052	0,03146887
1013	0,1809385	6,715477	20,66	6,715477	0,03146887
1014	0,1809385	6,722371	20,68	6,722371	0,03146887
1015	0,1820836	6,728431	20,7	6,728431	0,03146887
1016	0,1832288	6,733959	20,72	6,733959	0,03146887
1017	0,1786481	6,73952	20,74	6,73952	0,03146887
1018	0,1769303	6,745347	20,76	6,745347	0,03146887
1019	0,1683415	6,751275	20,78	6,751275	0,03146887
1020	0,1671963	6,757702	20,8	6,757702	0,03146887
1021	0,1637608	6,764562	20,82	6,764562	0,03146887
1022	0,1351312	6,771588	20,84	6,771588	0,03146887
1023	0,1523089	6,779114	20,86	6,779114	0,03146887
1024	0,1420023	6,787073	20,88	6,787073	0,03146887
1025	0,1408571	6,794732	20,9	6,794732	0,03146887
1026	0,1414297	6,802224	20,92	6,802224	0,03146887
1027	0,1420023	6,809217	20,94	6,809217	0,03146887
1028	0,1408571	6,815278	20,96	6,815278	0,03146887
1029	0,1379942	6,821039	20,98	6,821039	0,03146887
1030	0,1351312	6,826866	21	6,826866	0,03146887
1031	0,1076469	6,83266	21,02	6,83266	0,03146887
1032	0,09848548	6,838987	21,04	6,838987	0,03146887
1033	0,09963066	6,845481	21,06	6,845481	0,03146887
1034	0,1128002	6,852274	21,08	6,852274	0,03146887
1035	0,1065017	6,859434	21,1	6,859434	0,03146887
1036	0,1002033	6,867259	21,12	6,867259	0,03146887
1037	0,09676772	6,875084	21,14	6,875084	0,03146887
1038	0,09333217	6,882743	21,16	6,882743	0,03146887
1039	0,09390476	6,889936	21,18	6,889936	0,03146887
1040	0,08989663	6,89623	21,2	6,89623	0,03146887
1041	0,08531591	6,901958	21,22	6,901958	0,03146887
1042	0,08188038	6,907552	21,24	6,907552	0,03146887
1043	0,07558189	6,91328	21,26	6,91328	0,03146887
1044	0,06756562	6,91924	21,28	6,91924	0,03146887
1045	0,06126713	6,925634	21,3	6,925634	0,03146887
1046	0,03550058	6,932327	21,32	6,932327	0,03146887
1047	0,02519396	6,939187	21,34	6,939187	0,03146887
1048	0,03836353	6,946579	21,36	6,946579	0,03146887
1049	0,03149245	6,954305	21,38	6,954305	0,03146887
1050	0,0286295	6,961897	21,4	6,961897	0,03146887
1051	0,0286295	6,969324	21,42	6,969324	0,03146887
1052	0,02519396	6,97615	21,44	6,97615	0,03146887
1053	0,02462137	6,982044	21,46	6,982044	0,03146887
1054	0,02175842	6,987705	21,48	6,987705	0,03146887
1055	0,02004065	6,993399	21,5	6,993399	0,03146887
1056	0,01889547	6,99926	21,52	6,99926	0,03146887
1057	0,01832288	7,005487	21,54	7,005487	0,03146887
1058	0,00687108	7,012114	21,56	7,012114	0,03146887